Role: receiver
IPOtherParty: 192.168.0.5
SizeOKeys: 512
NumberOKeys: 128
11001001100111001011110111010010001010101001011001001111100110100100100011100001100000000110111110000101011101010101111100101011001011101000111110111100110101110011110010001000111001010010100011001000110000110001011100000111111010011000011101110000010011000010111000111110011101100100010011010000001101001110001111000111111111110111100111010011110011110000110100100001011001100100100000010010001011000010000010111101101100111100101101110001110100100110000001001110010111011111000011000010110100010100111011111101
00011101000010110011110110111001010000011010001111110001111000010000100011011010111100000101011111011010001001001000001001111001010100111011001100000010111101101100111000010010110000001001101100001100111111111111101010111101100100010110010101100101100110111111010110011100110000010010111101000011010110010111100001101011000010100001111100110110100100000001101010010110011011000011111011110110000100100010110101110000111000000110010011111101011101100100011011101110001000101110111000100101011111110000101110100001
01101111111000100010111001111111110011011100100101111111101000111101011010011001000111010011000001011101001100101001110010110110010000111100111001100010000110000111111011011100010100100000100011111011101111111001001000110111111110100011110100001110000001100011000000010010111100100010101100000110010000100100000010110010010000110100001101111011000100010000100001010011100101011100101110011101110001010100111101100111110101100010000101101100101001011010110011010000010111000011000001011001110001111101101110111010
11000100101010100011110000100011000100100010000001101111101110010011111111110100000000101111100101011011001001011011001000111110000000101101000101000101000100110111111011000111100000010010000001100111101100011000001000111111100100000001011001111000101001000010111011001110111110111011001101111011010000100010111010111110101100110000111100010100100010111011101010010111110101100001001111010001101001111101111100011111111001100001010110110110001001001010101100101110110011000010011101101000101000100111001100101011
11101111001001010101101110111110100110101100001011011010010100110001110000001001110100000101001011100011011110000101011010111110001111110011001001101001101010111101101011001100101010011001110010000010111010001010011010001101001101101100110111100100011001011111011100100000011100110100001011110100110000111001011001111011110111110100001001101000110111101000000110000110010000001100010110100000001110111010101110110010010011100000011010000011010010101110010111100110100010001110001100001100100011001001111010010101
01110111000100111101110110001101000010101101000110110010010101010001110101101101001111011110100101011111111101101110111001111111011010001101000001000010111100110101100111110000010011001110110101000000011101101100010001110100011011011100111101101001101100101010011100010010001111000011101001011101101100011000011000001111111111011000110011000110100100011111111110000001110111010000000111101100111100110110100011111100010000010100001101001100101111011101101011100000011001001011010101010001101101011100110011100011
11001100001011011101000101110111101110000100110010110001101001100010110001100111111111111111010111001011010111101010110001010100001110011101001011100110001101000001110001101100010001111111110101000110010111100000011110101000010011110110010101110010011110111000111011110000001000101111100000100111010010101100001100011011010001101010010011001101101001001000111011101111110011000111101000011001111001011001111111110010010001011000110000000110010100011001001011001010101110010010100111010101100000011110111000101010
00110000000000011000001010001010011100011001110110100100010100101001101100010110011000011010000101001101100011001110111100110000001101001101111010111001101100101111001011111100110110110111111011101011001101011000101011110111110010000011011000100111101001001111010110100010100000010110111100011101010010101101010110011000001110010000011100100011011000101000011000100111000010011100010011011001111110011000011000100100110101101001100111000000000011000111110001111101010011111011011011110101100010000111001111011110
00011111011111011101111111010001111011000000001110010110110010011110011110000011101110111101001110111011010010101101011111101110111101001110001110011010001100010110010001101010101011110001111100000011101011110010100101000110001000010111001011000011110100100111010101000100011000111100011000000011011001000010101101100111110111000011000100110010011110100100110111100000011101101110011100101001110101000100000010110000010000011001011011011111011111100010000110010011110100100101110111010101110101000010010000100010
00011111011100100101111000000011010011110101010111011111010001001011011100110001000011001111101011100101101011101001101101000000011111000100111101111111111110111111110011001110011011110010100000011110111101100110100001011000000101111101100000011110110010100000101011011010010001101101011010110001011001100110100000100010000011111110010111110010101010011010011010110001101001101110111111110001000010111100101011100001100000110000001001100001101111100010100000011001001100101111001011011101001001101001000110111000
10011111010111000111101001111000111101001110010000010011000110000011011011011111000000100100110010110011010001100010101011011100001100001110110101011001101100111101101111111010001011111110000101100111010010101110001000010000100110100101010100111001100001100000010001111001001100011001011101011110101100001011101110010101100000111111110010011100001000011010100110010000011110100110100000001001110100011001110001101110001011010010000100101101001110110011011010011101000001101011000110101010011111011001011110110101
10110000000110001110111110011011111001100001111110011010110101000011010101010100000110001011100100000100001101100011001001001000111111100001111110110010011101111011000101000011110110110100011101010011110100001010101110110110010000100000000010001000011010001001010111111100111110110110101111100011010001101011101101110001010110110111011011011101100001110100110100000101101001010110011000110101001111111101101000001111001101000110111110011101110111100110101111100000101001100001100110000111001011100111111110010111
00001011110101000100100100100111001100101001110110001000101100001001000010010100100101101110110010111111110101111000010011101011011110111011000011100001111100101001000000100010000000011011101000101111000011001011011110101000010100110011100010100010101111111010010100011111100101111000111110100011010100100000111001101110011110100100010100110001110101111001110111100010001101000010010110101010111111100111001010001101101101011010110001011100101111111110100000011001110000010001011101101010111011111101110000101111
11010000101000000101011000111110111011010001110111111000001000110010011111100111100010011101111001110010100001100111011111111111000100010011110001100100100101010110001111001101100010010001111000001110000101000110101101001110101000110100101000000010000011111011000011011001001011100110000010101001111111101100110100000011001001100111010111010000101010011111001000001011101100010000011010011100001110101000101001001101111000110100010110110001010100110011001101011111001111000000111000000100110000110011011011001100
00100101101100100100110001100101000110000010011111101110000011000010001011001000101000110000110111101110001100110000011011101010001000100100110001100000100001001001011001100101111000101001000111100010011100100000001011000100010100101111000101010011111101011001001010001100000101100000111010101011001011010101111100011011001000001101101110000000111010010011100101000000101110101000000000110111010011011011101011001111101001110100111110010110100010110000001100011001001100101010000110001000010110010100011001000000
00110101011010010011101111110111010100011000001101111010100000100001110000111001110010101011101100100110101110100001000011010011001101011000110010000110011111000100011010100100110001110111111110011001111010100101000101001110110011111000101110100101101110000010010111111001011101000000110000011000101011011111111010010110011101001110110100001111111111001100010101110010101000100110010000010100001100010110001001000111000100001011101110100101000010011001101001000001001010001101001101001001111101101100001110101010
10001101100010001010010110000101101000011010101100101010111100010101101000100111100011001101011110100000000100001110111111011100000101100100110111010010100100001110101110111111010101011001101010101010101000100000010000001010000011101110100111110010001110001101111110111010001010100001110111000110111101011000110011111111100001101100111011010101011010110101101001001011000100101010000000011011100011010011000100000000000000101100101110000001011111100100111011001110101001011101001011011101100110101101011010000000
01000111000101001111010100101110110100001011111100001100010000111000100110010010111011110011111000111100110101000111001001010011010101010010011101111100000111110100101011111100000011111110010111010101011111100110011010100001110011011000000111010111010000101010001011001100000101000010010110000111110110010011111010010111011010001011101100001100101011101011101001110001100011001010110111100110111100100110111011001110111101100010110101000111111110010100001011011000101010011101100110000000101010111100010000100110
01010111000001110100101110111101000100010000111000011010010111111111011100000100001001011110101000000110001101000010000000011011000000000110011001011011110100100100100010010010010001011000101111011101010011000000011010011111011001000100111110000111100011010110001010000011001100100100111011011001110100010110101100100100111111101010000000101101010000111000100010010011110010010100010000111110101001011110011100010110011011100011110110111000011000110010110100111000010101101101110100110011000101010011101110011100
00100000000110011111100001011010000010011000110100101110110101000110110100101110111000010111001111110100101000000110011111110111101101011101110101100100000111010101100011111000011010011111001100111100111101010101011110110010000000101110010110011100011000001001001111001111100111001111101100011100000111000010000001110010101100011111001000111011110011001110000011000100011001011010001111111011010101001010000001100101011011100110011000011101110100100111011101100011101111111100100010010110111111000010110101011011
10111110010010111100000010100010010101000100001110010110000000001001110101001000010100001000110010110100110011111001001001101000010111000001010110111101111100101110100010111001110011010011110000000011000111100100000101011101001110101011100111000011110101100000101101100010000100100001001011011000110110101100100001001000000001100001000110001111011101101010010111101111101110010110011011011000011100110110001100000011000110011111110010001000010001111011010010110100110000110111100000001110011000000111000011001001
01010111101001111011110011000010000001111101111000100011100100101110111010010000001111000000110111001000101000000101100100011100001110011100100111000000011011010111010110000001001111111010101101100001101001110011000101111110011110101110111010100101100010011111001110010011111011111010101101101101110111000010110101100100010011000010000101010000011010001110111100100000111000001011010101111001000111011111111101001101101001000111010111110010010011100010110111010010111000100000011010110101100111000101001111010100
01111100100011100110000101000010110101011001100111000101100110110001101101011101001011111111100111011101010101101000100011010010000100110010011110111010100101010000101000000010110100110001111100011010001110101101111100100101111111010101001001010110100001011011001111100001100110000010111010011010111110011111011001001111010100100100110001100000010100010000011000100110111000111000000101001011100000100101001101010111011000011010100010110110000001010011000101100011110010000101011110101111101001111010101111001001
11001000011011010001101011011001111100011011000101000101000001011101110110100001110110101001111001011010111111001110101000000101101011010011101100101111000010100000100000010111001010101001010111011001110010011000101111000011010100010111100100110011111110000110101011110100100000100011100100111011110001110000111111001111001110011101010011101001001111000110100111011001111010110010001000100010110001110010000000101000100101001011000000110000001101011101011101000100110001011110010001011110011010000000011111111000
00101110000111110101011101100000110001110000000110101110001110101000001010111000101111101000001011100101000100000100001000010010001111110010011000010110101100110111000101110000010010000100110000011011000000000001100111000001110000101100010110100011000000010001110011110001110101110011001110011011101000001101000000100001011001101100111111010100100111111110100110011010110001101000110101001010000110011110100100100110111011001100110111000111110100000111100111011101100000010000110100110011000000000001000111100001
01111001111011001001110011001111111100111001011011011001110010000101111101011110101101000111101011101000100011001111010011110001101110011100011101101110001001100101101100111000100000101101010010100001000000000000101110100101010100010100000010110100100010010000000011101100000110000101010110001101100110011111110101000100101111111101000010110000010111001000110001001010101011000011011101001010010101000111101100010001000000001111110001111110100100111100101111011111000000100111110100110000000101000011100100110001
01111110001110110110001011111110111011010010010110111000010111010001110101001010001100011100110110110000111100010010011100010111001101001001111011010110111110010101001001110010101100000110001100110111011101110110001101001001001110110001110011011001110011001000011010101100001100110011011100000100000010110011100010011001010011011100100110010111011010000100011100001011010100010001101011110011000010111010101110110101100110101100000001100100111100111100001000110100110110101001111011010111110010011110110000111111
01100000110100111011110001011101110000110000001010101000111110100111010110111001010011011011111111011100111100100101100110110011101001111101011001011000000000001100001000101001010000010101101001011110100000011010011100110010110101011110101101011000100111000000001011010001111011011001101100001110000101110101000001100111100110110110111110010001011001011000000010001110011001100001110100010111100111110101000010110110110010101101101010010100111100101000110000110110100100100001110000100000001100011001101110001011
00101100011110010100010000101110000111010101011000010000011000011111110000110110010100000010111111001000100111101100111101010011001101010001011000000000110001101100100111010111101011001010111001011100000111000010000101111011111011100100011101011111101100110111100011110100000000110001110001010101100001110000101110111101101001010110001111000000101001111001100001011011000000001100000101001100111101010100011001010010010111001011011111001101101000100101110000100100101010001001010011101111101110011000100101100000
10001011011100100111000001100001011111111010111111100001110000010000100001010001101101100111011111000001000111111010110000110101011110101110100001110010100111011100011000000011011001110000001101001101001111110011110110100100000110010110111011010100111000101010001110010100011010111000101101000001101111011011111101100111001110000101010100000011000001111110110100101110011111110110010000111011001100101110101110011000110010100010011101011011010101000011000111100100100001111101011010001011110110111100101001001010
11000110110110110011111100011100010001001000101101111110101100001101101011011101001110000110100011011010010001000111011110011101111111101111110001011000011101100010101100010011101000110110000110111011101110111011001101010100011000000110111100110100100111001111000101110111100011100111101111010110001000001001011100101100000101101010010111100001010110000101100101100101001101011111010101111001011001011001110110100111111111101001110010001001011101101111001110001101000110001101001111111000101011111011001010111001
01101110110111100000011010000110101100101110001111011101010111100101100010010111100001101001111001111101011100101100101010011001000100011100100010101110011100001100100100100000110011111011101010101111011011111000110101011101001010011001100101111100000000101011001100111101111001110110000000110101110000000010100101100110001001000110001010010001111111110100110000100110000111111111111011100001000100001111100111111111010111011111100010100100110011111011001100011001001101110000100111111100110101101100101110101000
10000110111000101110000010010010001011110000111110101010000000001111001110100100101011110100010011000000010011100101011010011000011010111100001001100000100000111001000011000100010011110011011100101011111000011010010111111101100001001100010100010101111011111011110000100100100000010111110111001001000110001001011010010001111110011000110100010111101010100111110111111100000000010110010000111110001110111100110110010100100101111001110111010101111101100010110111000001100100111000110001001111010001100010110001111010
00110001101000111101101001001101100010111001111001100011100010011001111000111001101000010000001011011010010010000111000000110101011110011101010100011000011001110010001111101010011000100111011100101010011010001011000101011001000110001000110101010000110111101101010011101000010101000011111100101111100001110101001100101101001010111010010111101111101110101000101001000100101101110011001001111100000101101010111010001000000100110101010110100110000001000010011000001000100111100001110100110000111110101001110000111011
11011100000011111110110100100111100001000111010101000110111000001001011001000100101000011011110111101101000101001000011001010010001100100110000010000111101111010011111101011101011101010000111011000010110101011101001110001000111110001101000111111110111101010000000100001001001000010011101000010101110101011111101001110010001100101010111100010011101100010101011100110110100010011100100101000001111101011010100011001001010100100101100100010011110010100101101011000001001111000101010111111011111010101100000111010111
10110011011111010101110000111001001000100010010001010001010000001101101101110100100001001110101100011010000001101000101001011111010101100101011010110101001101111100001010001000001001101011111011010011111011100010110101111100010101100111010110000110001101000100111010001011100011100011101101110001101100001100111101001110111101100111001111101010110110011101011001111111011111010100001000111110011001100111010000101000011001010101110001000101100101000011011010010011100010100100001100011010101010110100001100000010
01010100011000110001001111101001000100001100111111100000000010101010011000100110010101101101111011001100001110111010000010010000101110101011001010010011111011011111101100101011101111100011010000001011100011000110101111001011101011001011010111010100110000101110100000011010111011111001011011001101110001111100010010110101111111000011000111101000111110100110100000100011110101101111011101100001101110100111010100000011111111100110010110011100111111101000001101011100111111111110101010111111010100111000001010000101
00100101100101100010000001011100100101111110001110001101001001111101111001110010010101111111001111101001111001011110001011100111100010001011010010010101101010110100010100010000101010000010001001011111100110010110001011100111101011111110011010001011101110111001110010001101000101110100010110100111011010000100001100111000110001101111111010010101000010000100111011111000011111110011111101000110001100110111011111011010000011111101111101011101000011000011110111011101110101010001010010010001110001010011011001011011
10000001000011011101100011000000101010110100000111101110001010000001111110101110001000101111001101000111011110010001100100000111100110100011101110110011000110101011110000101000111011001010100111011001100100010001001101000100110101001101001111100011000000011011110010100111110010101001110000000110000001011101111001110110001010001011110010111110011001000111010100010000110100001000101101000110000110001111100010000011001111101010001101110010111101000101110010000101011111110111000011000100100111001000010110110011
10010100010001100111010000101100110101011011001001101100101010011110001010110000100101000101110100100001110110101111011001111000100101000110110101111000101010001110000001011111001001110011110001000001011000111000110111000010100100110001000111101000011100000001100000001110100011011011111100000110111000000000000011011101111110000001010010011011100110010000110001111011111001110100011010101100100101100001100110000010101101000001010011001011011001000100001100100010010111110010100001010011111001111101101100110000
11011001011101111111010100001100101001110001100010001001000010110001000100000110010101100101100011001011100110001000100100001100011111011000100100110111001110101111011111101110111101011001100100011001010100011010010000001100001001110011011011100111111111011111100001101010010100011111010101101111000110001111101010011100101001010000001000100011011110010010010110101010001011010011010100001010010111110111101000111111010011011000001001100000001101110100000101101100101001101011100011000011010010001101101101101111
11100100010110110000000100110010010101010010111000001001100101001100111011100111001100010100110100011100101011000111010000110000101110010100101001111111010110011001100000101001010101111001010011010100001100101110010000111101100110011111100011100111101010100001111010011001010000010000101110000110100010110111001010000100011010101101100000101011011001000001110011100001001101101100100000001101011111100101101100101101111000100001111000101111111101111011010010001101000000110110111011010010101110001111001110011010
01011101010110110111111011000111100111110100100000100110111000001111100010110000011000101010001111010011001111000100010101011100011111110111011011101100010001010101001111111100011100101100101010000100001010011001100011011011111011011011010101111001100110101011100111101110101000001101011010011111110011010111100100001000101000110001100101010110101001000101101011100111100010010111100001110010101100001101011011110110100011001110111011001011000111111100000001001100110110110000100100110100100110010100001111001010
11011000011000100000010101010001111011000011001110100000110111101111000111110101110000000100001000101111101001110010110010011110100101011110101010011101110111111111100010111000110001110100001100111101100000000101010011011010100011011010010011000111100011001001010100110011100000111010101111101111001111101000011100010001011011110010111011011011000011010000100101111100100111111000111111100010000101111000111111001111001101010000001011011111010100010110100101001010010100010111000000110111110101011101000001111000
00001111010110100010001101111100100100100101000101001000101110000100100001000000011000010110011011111001001101101101011101110101111001001101101011100111110110000101101010000111100110000100001001011111100011001010110000010001011100001111100000110000000001100110101111100000110011100111111110011100000111110110110011111000101000111001101000000011100001011011000000011100011101000011110011000000010101010011100110000110000000001100110011011100101000000011110001100010000001011001001101010010111111010110100000011100
01100111100011101110101001101010100000011010010001111110001000001110110001001101110000111000000101001110111111100100101001111000101100111000011000100110001000111010100010000000101001110011100111110000100010010100000110111100010110100001111111001111000000010110101001001001011110000001011011110001010101001101100101111011111101101111010110110001111100110100000011010000101001010101111100111010101110011000110000011110001011011111000110001110111101110011000111010110000000010011101001011000000011001101111011101001
01111001011101011011010000110011011000111110100111101100111100101000111110001101011100011000111111011011111001111111111111010000111011100111011000011110110000000110000101001100111100001110101000110001110001010011101111111111011010000001101110101010001011111000011110110010110111101010100001110100011000111111001000100100111110010100010011101000100110110011100111011000011001011101000000110111110100010101111001111000100011011110010101001001011011011010101001000111000010001100110110011010001010101001000011011101
11001110010010000000110110110101110010111100011011011100001000101111011100100000001011101110000010010001110110101100110100101110110000000111000000010001011011100010001000011110110111110100010001101101110100011010111001110010101001100100101100000001010010100011011101010011101001000110111100011010100110100011011001100001101110000010100001001000010110111110111011101011000110011101111110011000001001100001011000011101100100110110101011101011100001111010010000011010010111101000000110001010000100011011011111101011
01001001001100101111000011000001110111011010111111010100110111101110111110100110010101110100010100111110010110110010000001100001100000000001101010000111111110011100000100110010011000011111010101110100101101100111010010110000010000101001111000110111001011111100100011000010110000101100111000101100101111111101100110101011111111011100110011001010110111100100110110011001100110010000100000001101110001111110101001000101000001011111011001110010111111001011111001011101111100111000001111111010000100111010110110110101
01100101100100110000110111111011010011110010111100001100000010001110000001001100010000010101000010001000100111000000010010011101010000110000111010001111000000111001001100011001001010100111101011001111100011000111101010101011100111001101001011110101001100100010100001101000111001011000010001011010100100110101111010000000110100100101000010110111110000100010000000101000010000011001110111110000010011011101000000011111001000011001110110010010110110000010111110111111100000110110001101001100110011101100010100101100
01010110100000011110011000010001110010011000110100001101110110001010110101010011111010000110001000100000100010100110110001010111001010000001100100000000101001110100011001111110111011100101001001100010001100100100001011011001111100101101101101110011000000010000111101011101110000010111100001101000100010010011100000001001010011110001101101010110111110110001010010011011000010100001100011000011100100110111000010100100110000111010101011011100010010110101010000000111101101111010101110001111010001110001011110111010
01001000011010100101001001100010111010010110011011110100000111101110010100001000101001111001010010000000101010101000100110111000010010001101001011000000111101100101001101110100010000110011100010111001100001110010110100111010101011101100101010100110101101101100110111000110000010011001000110011001101000111011001100100100111100001110001000110001010111110110000111101011110001101011111100000011110110110110010010111010000011010100110010001011001110100010001110010010100011010110001111001110001001111111010111011110
10000011010111000101110101000011101001000011110110110110110100011000110011000010001000001011001100111010100111110010011110101110101011001110100110111110010110001100101101110010110110111100011100010010001100111111000010011110000101111111111011001001110000101110011000110000011111010110111110100110110110011001100010000111000110010111100010100001110011011000111001010011110111011010000010011010111111110101000101110101011001100000110001110100100111001101110000100010100011110000000111111000001110110001001101001100
00100001001100011000111010000011101101101111011011011001100100110011101101101001101001001100001001000100010011001000010100011001010110111101001101011010011011000101010111110000101001111100001001100101101011001000111110110000001010110000101000001010100110001001110001001101100111110010011100010000011111110100001110010010001100100101010001001010010000110000110001001010000100111100110001010011110010100111000011010111010101110110000000110111110100000101001100010111101100101000100100011001111011011010111110110100
00101010100001001010000011001011101110110010111101110000110110111100110111101100001010001001111001101101001011010111001001101100011000011011101010111100010000111100110010111010001010110111011100000110101111011111011110000011100100011011111011101101100100001100101100010000110011100000011011001111011011010110011001001010000001101111111100011111010110011011011000111011111010011011001010111011001100001101010101111100100101101111001000101010011011010011010011110000001100111011010010010011101100011111110100100011
10101001000111001110100100101111000010101100010010010111110101010010110110001110101111100101100100100101000111000101001100110101111110101001110100001110011110010111001001100001000011100001100110110010000101110100101001110001111000111011010111001010100001101000000101101100110101110111000011000000111001100101110011000100010000011010101110000000000011111111111010010011010100001010100101100011010000100010111011001001111001010110110111001101011111111111101000110010001000101110001101001101110100010010011110111111
10101011010000010011111000110001001011001010111011000101111010101000101110000011000110001111011101111101110111101010110100101100101100110110000011101010011110100100100101001010110000010100000000001000110111111001101100001111001010000001110100111101000010001001110101101111011010000100001010111010011100000111111111000110001000110001100011110110111100111111100101001001101101000010000101010011000010110100110100001010000100010110100110101011110000000011000101111000010000000011001001011001100100001010011100000111
11010101110011100110011000011011010000000011011100010000111001011111111000001010010101101110000101011001000001100111101010100111100010000001101110100000111101011011100111011011100111010111000010010100010001011100100011010000110110111001100111111100010110100011010101000100101101001010111101010001010000000000110110000110111111110001110100000001110101111000010000011001001101100010000000000100110000000011011010010001100011001100100011000101010000100101111110000011101110001111000001100110101010001100000111111100
10100110010111011010000111001100110101010110101011000110001100110001011001100101111101101101100101001101000000000001110011000001011111111110000111010000101010000010100000111011010000110011001001000011110001111011010110100010010111100111110100110000010010011000100001011100010010010010100111101110100000010011000000011010001011010010110110000001111111000100100001100011111011000000000101101100100001111011111101011110110100001110010001000000010100111011101111011101010111010000100000100110001101110010010000001000
10100000000111101101101010011111001101010110011101100010010011011000110110010110001101101000001011111000101000000101000110001110010001111000101101001010011100111101101010000111010010001010001110111111100101000100011100010000010111010010000101000101010000011100011011111101001110110101100000101010001111011101000101111011110100110101110101011010010110001001000110011001010001011110100111000000010000110110001110001011000011111111011001110010100111010110001101111011100101011011110101100010010011000011011100100010
11010001000101001011101000011010101000110011110001110001011010111111011000111110101001101100101001111011100001110110100111011000011100111001011111100101010010111011101101010010011100011011110010101000000010010110010011101100001000010100010111010001000101011101100010111111100000010000010111101110101000111111001100010111001011111111111000110011100011101111011010011000010100110011111110010010101101000000010001011110100000010011001101010100001100100100011110110101000001000000010100111110101000101010011101110011
01010101110000010100001001110100000011111001010011010001100010111111111000101111111111100000100100101010100001000110111100010101101111000111101110000101101000110010010100000110101010010100111100011001110011101110010010110011000111110000001100011011011000010100001111101001101101111000110010011100110100110110111010011000111010101100010100000111000111010010010001111000010111010001010110110100001101100101101100110011010101011010000000111101100100001000101010011001101100010101011100011011110101101101100011101000
10010111010110001100010000100101111011000011111000001010000110000101111110111001011000101010001011111111011010010010010011010010001011100100010111110110010110010000111000001011000111100111101110000000111101110100001000111111100011101001010111110000111110110010010101111111100100011111011001101110011101000110010001000111000000000010110111001101000101100100100000101100100010011101001100101111111010110110111001011000100110011100000011001011111001110010101110000110100011001100001101010011110001111110111100100111
01010011100101011101001111111000011100110011000100001011100000011101001101100110100100100100001101101000100101101111001001110111001001010000011110110111100000110111100010110011001101111111001000101100111000100110000011110000110000101111000001011000111111101111111101100110101001000001000111001011011010111100011110101110110110100101101110010001011000111100100000001010001101110111011011101010100101011000110101101101001011000010000001000111100100000111010001100100101101010010100011010010110110011110011000111010
01101011010110110100110010110011011011011100101100000110000000001001111110010001010101110101010010010111000100101100011001101010111100001010101111110000010111000110100000000100001001100010001010000100011011101011110011110110001100111010010010101010101101010000000111101011111111001001110100000110101010110111110100111100111010111011000011111011110000110011110011000101000111111100110110011010010000101101010000101010011100011000001111001011110000110000101011000011000110110001111110001100000010110011011010111001
10001001010010101111110101111011010111100000010111000010011100110011010000111101000001010000010010000010110101101001111011010111111100001001010111101110001001100001110110101010101000000000010111000000101110000110001110100001110111011101011101000111100111001000001010001000000110000010000101000100011110111100110001010110100010010101011101101011100000100100010101010101101100000111001101101001010011000111011011100101010110110011111110100100110011111100111001001011110101101101111001101110110011110110110111010100
00100100100100000111010010101001100101000001111111001111110000101001101100101101011100101110010001110011000001110010001110111001001000101110011011101111010011000010100010101101000010010011100110000011001110000001001001101010101100110001011111101011111001010010001101011011000001010101100110011111111001101101100001001101001011101000010110011011010001011010010000110110101101110111110011001100101110011101110110010111101101100110101011100110001101100011100011010000100110011001011000010100010001001010101000111001
10101110001111111001111100011101000000100111011101001010100010000001111010101100101001101101111101110001110010100111100101111101001110111010000110000011010000111001000000001111111011000101001001101100111110001100101100000101011010110011111000001110011011110001001110100110101001100011100101101010010000100011011101100101000010000111011100010101101011001100001001110000000010100110011110101001010011110011001101011111010101011111001001101110101000111111010001110011001100010101011000011001010001011011110011011101
10101100100101001111111010101011000001000011100110010000011010111001001000110011101100101100110110100110101100010110100110010001010101001001111101110010011110001011001111111000011111000100000100110111111000100011101000110111110100011000101010101001001010100101000000101010101111111101010101100110001110011111111101100101010011000001000011101100101000010100001011101010101101011001100100101110100100010011110100000110001111110110100011010010000010111010001000111001010010111010101010101100111101110011101001111011
01000101100001110010111101000000010100011100101010010000100011011000000001110010000000100011000110111101001110000011101111111001111110000100000011100011001011100000101101111000001111110110000110110011101000001110100101100110100001011100100011101111000110110110001010101101110100100111010001101111001000111110010100110100011010100011001111111010011010011011011010000100111011010110011111101110101001001011100111011100110010000010000101110001000101100001001110100001010010111111110100011010100101111101001100111000
11001001110000101000000111011110110111111011011010011011110001111101010011111000101000011100010000110010010011101100100100001001010010100101010011110000100100010110001110000110001110100101101011110100010001111110000010111010001001001111110110001101010011101001010101010110100110110110010110111011101111101001001011110110001110111001000001110000011101010001110111110011101001101101101001000100000000000111000011001110001111110011010111101111110001001011010010010111111001010000011011111011001101100100000100100110
00011101111010101101110001001010111111111011101111011001010101101000010011010111001110001011001101001000000111100010010111100010101000011001110010101010000101010100111001001011011001110011000100100110110110101010000011100100000010111010111001111100111110011111001110101111101110010000011101101011000100110110110010011001011011000101110110111000001100101110010001010011110101110110110111010110110101101010110111001100011011010101111111101111101011110011011111010101010111110001111000011111101100100000110110011101
10001100110001011110000000101001011101010111011100110010001110100111110111000000010000110101001111001100110110101110100010011101011000000111101001111000010101101000101111001000000101001011100001001110101010110010000110010010100101011100001000101100010100100001111010111011000011110010010111011111101011011101011001111001100001001000011011110101001100111001111000010100110100010101101011101110100111011111011101000110000000100101000101001000001101100101010110111001011000010110010000011000010100110111000111000100
01011011100111110011100111100001001000000001000111111111010101000111011110011010111101101111101000101100100010010111001110000100011000110101100111010111010100100010110110101010000001111000011100101011100100001011101100000111001011001100001011011110001101011101001100110001110101011101000000101100110111010011011010111100001100011101100000100110101110111011011010110011100011100011100001000001110111110000010110111110000011010010000011010101101000011110111111100101011001101111100011010000000000101010010110100000
11010001001101111001101000000011111000000010100010011010111001000011101000011010011010010110100001011101101001100110101010100100111101011011010011010010100100100010011011110001001100110101001101101100100000010000110100111100101101000111111010010111110000010110110110101000100101100001111111010000000111100100001111001110100011010011001110001110001101001100111011110101001010010000110000101010000000001000111101101010100111001110011001000110111000001010101111000110000000001001101010111000010100010111010111000101
10010010101010100000101101111100111101101010011100000101010011000000110100001100011101100001100010111000100001001010010100111101010111101101111000100011111110110110010101010100011001101110101100010100010000010011011001111001010101001011001001000000010101000010110111110101111111011000110101110001111011001011011101000010000001000011110001000101110100111011111111110000000011110111010100011001010011001001011101111110000010100011100100101010011110100010011010001101101111111010001111111101111111011011011110000101
10101100110011111111101000010110101100101000111010100100101101100111000010101100000000101111110101011011110000001001111111100111101100011011110000111000100001011111111111110110100100100010110010111001001100010101011100111001110000011010100110001001011110100101100110001011111000011100110100001001110110110100010010100110010011001000111111001111100101111011100011100010111111110000001000111001101001010010111100010110101010001000001111011000000100101111110011000000110001010011101110000101101100100101111001001010
10010011000010110110111011010110101011111000010011011111110101101110110011010011001001110110001100010001101011001010000001010110101010111000001111000001000000001101011100000100010000000010110011110111111011010100111100100010100010111111011101110111110001010001000011010100101011101110010100111100000010110111100011010110101001100101010111001000100111110001010001011101010001101000110100100011010110100100111101110111101010110101110001000100011100101011000001000100100100000101111110100000111101100010011001001001
00101101011001000000000101010000011110000101000000011111011001100011001101110101001101111001011001111110001001010110110001000011110010010011111000001000111011000001111011110000100010000000111110011001010000011001011101101101011000110000010001101011011101100010101110001001001011101101111001101111011111010000110111110001000110100011111010110011100010100011010101101011010100110110011001010100001011111110011001010010001111000000000111110100111001011011010010111101010001011110000101011011110001111000110000011011
01101000111110011110001001010101010011011000111000110010011111100010110110001100000001100000000100000011101011111000101010010000101001001110011111100011100000101011011111101110011000011111100000111101000000101011010001001110011110011001010000110110011101111101110101101010101100001111110110010000110111111000100000000000100011101100100010111010110101100000110010110000000101101000100101011101011010000000101100011111011101100001000000110011101001100010001001100001101000100111100011111110011001001001000001111011
10111111001001110010110010101011100011110000001111110101111100011010111111110010010000011001011101001010100110110110010001000010010111100000011101110101010001101110011000100010110010100111011011011111010111110011101001011110001000010010100100100110111101010011001110111011011011110010000010010010010011000011111100011110100001110100000000010111000111100001000001010001010101010001100110011011011001000000011111001011000011001011011101100110100110100101110011010101001101001010101110001110110010111010010110101110
00110100010011011001101001000110010001010110110110111111100001100110110111110000110101101111001110001100111000000010011110000110100101010011000111110111000010011001011011011111110111110101010110010011010001100100000110110101100010110001011010100001110001000110101011011111000001111111110111011110100101010000010000000011011010101101100101110111011100110101101011011010001111100100010100001100010110000101100010000111011110110001111111011010101101111001001011010001001011100000001110010110101000001111001101011101
01111000110001000000000000010011111011101011001110110000010101101110011011001001011100010000100101010011000110010110100000100000111001001010000100011001111100000110010000110111001111101000000111011011001100110111111101001111100101100001010101010101111101010100100111100010000011110100111100001011010111011000101011011000111111100110110101010111110100000010011010111111111110001110111110110101011110010111001100110000000011110011101010100001010101101100000000101011100000010000101111011011111111000101000110111001
11100111111011000111001010010101011011101101000000110011011010010101101000001001010110011100100010111000011110001000000111101000011000001110001110011111110101001011010001001001100000100010111101100010010100111011101111000111101010011011100111011000000100010100100011100100001100101110011011100100100110100100110101101010111010001101011111010000111001111110010011000011111011101011111000111000110111001110111100111010000001100101100000001110110110000011000111111010010110001010101000111010011001111101001110011100
01111101010101100110011110101100001100000010000011110011100100000011011100000111111011010000000111110110100100101111001101111000110001001110101011111100011100010010110001000011010110110011011001101110001110001110001110000010001011000110100101010101110010100100001111110010001100011110110111101110001101110000101100011101101100001001010110101111010100110010110101000100010000111101001010111001111100101000111000100110110100000000111010110101001100100010011111100110001100011100110011000010111000000001011110111010
01111100001110010010010001010100001010110000010111010111101011111001100001110010100101101100000010100000000101100010101011100100001101110000110011111011110001010010110110101001001011000111101101111111001101001101110100101111000011010010011011101011001111101001000011001011010011010101111110001110011110101011010000011010011010101110100110000001111010011001101001111110111011110010110010101100000100010001000011111100000011001111100001011100100000001100001100101101100110110101100100111111001100001100101110110011
10001011100111111010110010011010111010100001101111010000001010010100110100000001010101101001010010111100101100000011111001110111111001111111000000111000110101100111111101111000110011010001111001010111111100101011110011101110100101011111110001011000101010110110111111100001101110001100110101011110010101111101100100011100101101000011001000000000110100000100110110100000101110011001110000000111101101011010010111100010000000010011000010111000111011111010010110011101001101111100111101000111000101110001100110111111
00011010001110011100011000101111001110000010100011011110111011010011001010101001111100111001000110110000000001000110100111011111001110110111111111010110101010100110001001111010011010011100110100110101001111001000110001111111010001000110111110000100001101010110100100111110110011100011001110000011011100110111000100011100010110011110100101101010010110100101001011111000100101010001011010011000001011110011101000111100001011100101000101000011101100101100010001101101011010111101111011110101111110100001010101001110
11000000101010110010001010010000101000001101011011001100011010100010100011001111011110100111110100100100111100101101111101011000011101100110100100010001110011000101100100111010101111111110110001000001001000001001001001101001000100100000110110100110101111100011100000110110110001111001010100000010001001000111100100100101011001000101101111100010110001011011111110010111110101000100001110001111000000100100001000001101001001001110100010011000101100101101100000100000010010011110011110011100000110010011101001000000
01011100100010110000100110000111000010110111110101001111100001111000010011101101110111001001100110110110011001101100100010110100000100011001010110011111000010001011111010100001111011010101101011111110010111000011010100001011000010011010110001011110010000101001001100101100000010001011100101100000101101000110100111110101000011011011100101010110110111001001101011111100101001100110101000000111111001111111111010100100111110111010011101111100000111110110110111001011001000000010101100101000010010000011010101100111
01110011111111100101011101000010001100000111000101110000001000010100000011111111011100010010000110100101110010111000111101111001011000110111110010011101011100001100001011110011001111011100101010001001001100001100100111110100110011101101011011001110001010000001101000011101110010001010111001000010111010100111011010110011011001000011001000110011100011111100110100010101000011101001011101001011100011111101001101111110111111101111111111001111101100010110111111000110001011011100001000100010111000101110110101000101
01101010000101100100000110101101010010011101101000001011000100001010100110111110110001000101101111110001011001011001111101001110101101010110000000100110100011111011011101001101000101001001011011111010110011101000101100100010111011110011101101101100110101011010101001101001111101110100001101010110101101011001100101000111101011101000111010001000110000010111100010100100001001000011101101100100101011010100000100011010111001000111101011000100111100110110001100110111101111011110011011000101010110000010100100001111
01010011110000011001111010101001101010001001010110000001101101011000101110000111011010010000001000001100010001111011100111100001011010011011010010001101101011001011001000101101000101010010111101011000010100001111001010101111110100101011000111100100110111000011011001010100000110000011111101000010001100101010011010111000101101110000000101001000000001101001001111010110000010100111001011011011111111110110111010100001111111011011100111101100100001000110011010000011001101011001100010111001110111001010000010000101
00000000010010101010000111101000100100010000100000101111111101001010000101110110000111101111100100111011001011010001110101011000110101111101100011000100111001110011111111100101011010011000001101110101110011011110110100100100111111100000101000101001111010001010001011000010111101011111010010110011101101011001101110000010111100011010111001001110110100001011110111000100000011110100110010101000001010011011000001111001101000100110010111111010111011001001101000000101001110100111100000000011111011001001110100110011
11101101110101001111101010111010100001000100001110001110010011111010001100100101100001010101110011000010100110001000100101111110110110010111100101100000010011011100011010001010101100010010001011100010011010111011101101100011011101101101111110101111010110111001111101100110100010101110010000011110011001100100000011001001111101011001110010110111101011000000011000011100010000110001100101111001000101110000111000110101010010010111110010000100100101011110010000100110111000011101000101100001100000111111001111001110
10010110101101010111101011110100100001110110111001110010010011010110100101111001001010101111100101001000011011110101010001000100111110000001101001011111101110001110110101011010100011011010101010010110001111100010000110100001010000001101111011100111001100101110010011100100010110010010101111011110011001011011011011111101001100110111000000110101110111100111111000101101101010101011101011101111111001010110001001001000111001101011110111001010000111110010111110101100101001101000110100000101110010100000111100000101
00100010011001010001111111100011110010000010010000110000110010001000010100011101100001010100000110111100011111011111000010000000101101110100101011111110011110101011011100011111010000010011001000110110010001001101000111011100110100110001111001111001100101101001010011111101100111110101011011100001010000000001010100101010111000111101010000110101100000010110101000000010100010000001011100011000010110100011111110101110001000001111001110001001000110000001111001011000110110011011101100111100111110101101110000101101
01101000001111101011010001100000101100101100101100101010010000110110110010101110110110001100010111011000000001100001101110110111110111110100010010001101101000011001110101000101100111011001011111111011011001001111001101101110010010101100000001000100000001110101110011001001110000001000011000000101100101100011000001010001001110111011110100101011000111000011010100011101100111010000111011111000100010110110110001100000010010101111010110101100101011110010010010111011011110110001100111110111010111101100010101010100
01001111100010101011111101111110011101000100100000110100110100000001100001010101101011000111110010100000011101011101100101111100000010100100111000011000101001011000000101101000100011011101100011010010111000111000011010101100011101100011001101010000110010001011111010110000111001001111100110111101100111111001010010000011100000110101011001111011000011111110010000100001101000000001001111000010111111010101101001101111100010011010110111000011010110111011000000010101010100001010101111100000110101111111010100111100
11101101010011011001000010011010001000111001111010000011100000011000010111001101010010101001101111011011010001011110010111101110011000011010111000110100000110010101000010100111100100011001001101011100010001000011011011111010001101010001110111001101000010000011000111101010010001010100110010011001100101010110001011010010001101100100110110000111100010111000110000001000001101111000001011101110111000000000001010100100000110000110111010101111000010110101100111100101110110111101000100011010110100001111011101111101
10000011011010001011010110010001001001011001111111100111001100111100001110011001001010110100001110110011101101011100100001011101101001101000100110111000111001010001110100000001101110101000000011011101100100110000010111000010100101001000111100010000001010011101111101011000100001001100100010000010010100001001001011000001000110011010011101110110101000100000010110100010101100010110101001010010010001101101110010001111100100111011100001110010000000010111110100000100011001110000000000101110110100110111110110001101
01001001111100100001000000101100110110010101000011110110101001010000011111001000101110100101011111011110101110000011111001011000101110001001100001001110011100010111000111001100000101010000111010011110000100110100000101110111111100101110011011011010110100111001011010110101101101101111101110101001011000001111001000111000000100110110101100110101000110011111100110111101100100101110001110101101100000100001000111110111011010110101101000010010001001110001111101101101100011110010110000011100010010100001110000100001
00011100011101110000101010101000000111100110110010101011001011110111100011101010000111010111010100011100110001001001100100110010110000010011011110111000001101100110110010000100110100011111111101110110101100100010011001110010101101010011001011101111101110110111101101111111111110101100001001111011101011100000011000000011011100000111001001010111100111110110101110000111001000101001000010001000101101000011011011000111010111000110111000010101111001011001011010010001101101110001000101100010011001001110001100011010
00101011001101101011000001101000110110100101101100001001111100000001000001000001111011010001110000000010100110001000001000111000111001010010101100110110010000101001111101101010000010101001111100110110111011011000110011101101000101010000000101001101011111110000001111001111100110111000111011011110011000101001100001000111110011001001101101101011110010000110000000011101100100001101010001000000100010111011101000000110001000000010010010000101101011011101001011010000100100101110001001111011011110000101111111111010
10110111010100101000110010100101100000011000000101001101110101110111011111001010001011101011011011000101010111011010010001100100110110011100100101001111010100001011010001010110100110001111001011100011111110001110110100011000101001110010001111100111011000111001010010111100010101011100111001000010110001011111101000100111011101011111110001011100110100101100110111011100011001111010111100101000111100011001110001111101111010111110111101110001010110010001110011111111001101001011000010110110111011100110111001111111
11100110001010011010010011101111011011111111010000100000011101111101011100110100101011000101110001111111111100101100011000001011000010001111110001101000110011110101001111010000110001001011000000101110010000110011010100100011000010101101101001100110111011100010100110110111111101110000010111010110100111111100001010011001110100100001010110001010001000110100110101101001010010000001000011001101011010011101001100100010000100000000010100101110000101011110110010011100001011111100001100111000101100111010111101011110
01001011111110010110100011100110101011111100001101000010111111010010110001110101100110000011100010101111101110110111000010110111000001000101111010010101110010101111001110010010110001100001001010011100111010110110011100000111111101111111001111001110111111111110100001000101011111011100010011111111100010101111110001101101000001010111010101000010111111011000010110001011010010010001000110110000010001111111010000011011101101001101001110110110011011101111110011011100000111001001011000110000010011010010101000111111
10010000101000010101000010011001101001010011010110110000000000111100100000011001010000001011001111101001110111101100101110100000111101100010101011111110101000111101101110101000010000011001010101011010101110110010110111010110000001100001000000010000100001011101110101010001010010000100110110010110000001101000010000101000000100011001100111110110010110010111011110101100111011011101010110000000010100011110110010001110000110011010010101110101111100001010101011100100011000001010001000110001111011011111101111010100
11001101110011110011010010011101110001111111010100111110010000111110010000011101001011011010011110011001110101011010101111000010101010101001000100000110101000111100111110010110100111100100101100001010010110000010010010001000010101111001011101000101110001101001010101011011111111100000110101011110011110000010011011010110110100011100011110001001011110001011101010110101010010111111011000110000010000110001010110101001010101001101111110010010000110101101001110111110111100001110110100001101100100111011001000101010
11110010111000100110100010111001101111000101000011110011010011011011101101101101011001001101001011001010110101100101101111100110100111010000010000100110100101101110101000100101001011111011000011000001000000111101101101101000110110101101100010101100001001011011000101000111110111010011001110001110011110100110110000011000011011101110000100000000010000011111000010001010111001011110011011011011001010011111110110001011001110011011101011001011011111001101111011110001100010111101010111001000100111010010100101101011
01101110010111100011101010101101110011011111100100000001101011111001101011101001100101110000101010111101111001111101001011111000010110010001110100000011000001110011010101100100010101011100000111001101000100000101011000111111001111101101010101000111101111000100001100110001101000111111111110001101111010000010010001000001001100000101101110001101110101010000101011111001110101000110110111010000001101100101100000110101101001110000110000101100001110101010000111100110100011101111000000111101001001000001111001010011
11111010100010001101101111111000011000111100001101010011000011100101110000111111101001011010101110101010001100011111001111010000010100110011111011001010011110000000111011101010101010011111010010100110101110011100000010010000011010000101110111010001100110010000001101101101111101000011100111111001110001110100101011001100001011001011000101000010101010101101010111001010011000111110001001000011001100110110011101101000011111011100011111110011011110001111010000100110101100000100110111000101101001011111101010110001
10001000111110001001010011011100111011011010100100001001111010101010100011110011110010000000111011000000101000100111110101110100000011111001111010000011111011100010000111110011000101111110110111101001010001101101111100110001001111110001100010101101100000010001100011000001111101111111010010010001001011101000000101111100000110001011010100011101011010010011001010110101110110111111111111100101000000010110101110000001011011000101010001000110010101101000110101110011101000111001110011110010110110001001001111010001
01001001111110100110011010101100011000100011101101001110111010000100100101110101110110010100001000111110000011100111001001011111111010000001101101010000101111110000101010101001010010101011010100011001111001001110110000000101110001110001110100100111110100010101001011101011000010100000000110110111111100001011100100011011100000100100111001111100101000100100111011111010100001101111000001001011100111010111101110110110010110011001110101001011111000111010110000101111111110001100011001111110000110010111010101010011
01111010000000110111011000110111100110000101101101110100110100010100011011010101100101111000101100110011011101110110011000000001011001111011100100100110000001111001100100010001000110101001000010110010011010100101000010100100010101100101010101110001110011101011101110111101011001011111001001111100101010101011000110010111000001010000011111000011000111100000010100100000010011100101010001010001011011000110001010100101101111011100000011111011010100100110000001111101101010010110110001110001001110000000110111111000
10001001001111011100111101000011001111010000111110000110000000010110010111101110110011011101010100011111101100110100100111001000110000010100101011000001101111100100110100000011111110001110100001100101100000010110000010010111011111101111101100010011010000111001000011110100100000110011001011011001001000101100001101101101011010111100111001011100111100001000001001001100101011011010110111111010100011010111100101100111011111001010101111111111011010001100111001000101011100110101000011000111111101010000011011110011
00101010100100000101010000010100110011000000111111100001111110001111001000111010011110111010010001100011100110111010010100111010101001010111100010101000010011110100010110010100011100010000001111010010101000010111001000101011010000011000100000000100110111111001010011110000011010110011110001110110001110000101110100010011111101000001110000010000011001000010001011101100110001010111000111110011111001001001000001001011010000110001101011010110000010100111001000001100001111101110001010001101011110100101101001110000
10100100001100111101101011100000010100000010010010111110001111000100101110110110010000011110000011111111001101101101000001011001010011111111010010011010001101101111011000011001110110111101101001110111010000100000111001110001110101000101100100011100001110110110100011101010001001011001110101110011110001110111000001101010110110000001100001000111010010000010001010101111011100001101010001011010001110011101110110011110010000011101101001000000000111010111011100100110001010010110000010000001101011000001001001010011
10011000110100011101010011100000100010001111001101010101001111000000111110110000011011110101010000100110010001010001000000101011011100000011011110000000110001010010001010101001111000110111010001111101011011001101100111011011100001101001010000110001000100101100010111110100101110011000010111000111111000011011100100001110001000010100000111101110010001011010001001001100000100111001010001010010011010110010111111111010001000001101111000100111100100011101001010010110010011011011110000111010001110111000100011001111
01010010001100100110010100111010101110010010000000011000111010011011100100011111111100110001111101100011001001111000110111100111000111111000100010010101001001010010011001101100100110010001111001010000110010010100001001001111001001011100000110110111101010001001010011110001101111011111101001001010111010011011111100111000111100110100110101011100100000110100011010110000100101000111011000101110100111011111011111110110011011001110001010001011100011011000100101010010110100110000100110010000010010101101101100000101
00100101010001111011101011101011011010101110110111111001110101001001011111110001011000111010011111000000011000011110101001101100111001110101110101001100100010111000000000001011000110110111100101010011000001110010010100000111001100111100110110001101001000011101011010110100000000110100101110001110001100111011110111000010001100111001111010110001100000101000010001111011011111000010100101010110010011110111101101111101100101011000000011011010000111110100010101011100110000011100111000101001110011010110100100100100
00111100111110101011001001101010011100100101001001011011001111101111001110110101011001111000101010110011100111110111111001101100000110001110010010111010110111010000111110111000100010110001111011111101101001010001111111011101111001111010010011100001110001101010010001101100100010101001000010111011110110100011101010011101100011010101110101110001000001111101001110000110001010000101101011000101000111011111001000110011111110000101011010111001010110011100110101001010001100111000001001001011110110111110011001111101
10111111001001001000011110110111101010101010001001111011111111101110100101100010110111101011000101101110000110101000111010100010001001011010011110010000001111111111111110100110110110110010111001011100010101000011110100011001001011010011000101011110010111101010101110010101111000010100111011001101110100100001110011000110111010101011111010101001100100010000111000000010110000011111010010111101011110000010100000000111101001110011101001010011100000111111101011010100000110001110111110000100100001101011000011000010
11000010011101100100101001101110110111010101010101000010010010101000111111001110001001100000111011000101010010110010111111110000100010111111110111101111001001001010000000000000101100111111000000101110010110100111110101111110100010111100101001110010011000111111110110011000000001010011100010111101001010101000010011110100001100010000000110100000010011000001101011000110100110110010001000000001111111111101111111001010001110111011010000110100100000100010100111111101111011000011110000011100100110010101100101111001
01111001011010100010111110011010101001111001100011011000001110011110111001111100101100100110110000101010000110001111000011000001101111111100111001101001110100110111001001001011001100011001100101101000110111011000111100001001101110011001110110111000011001111011011111101100000010011110100100111100101100010101100111110101001010011001101010000111000000101010000001000011100001000101110110100100110000111001000010100100011011100110111000011010011011100001111110011010101000111001011011011101011010111110110100000111
11011100110011011101110011001011101111101010110111111110100100101101001110011100100000010000010100100011000000000000010011101111100101101010010111011001001101110000011000011001001001101010000111000111001110101000010111010101100011011000000111001010111111010000111010001101010111011000000110100001011111001111001101010100010101101001000011001011000101000011000100001000010111010000111000110010001111011011001001111011111101011000000111011001101100000011010011111110100001111100110111100110111000101110110010000100
10001011011010110100011101100101011111000110000100110110101110010001101001111001111100110100011001000100101001010001110111010100001011001000110101011101101001000011110101101000100010010110000000101111000011111010111011110001111100111111011000001011010101111000111001010000011111101000101001111101101000100011111010100010100101100000011010010001000101100110100011110000110001010101101010101101011111001010110010110000000100001101011100000010101110001000001011100011011000101001100001111111110000101011001000111111
01000001010000010010101100001111001100101000011110101001100010110000111011010001000001110111110101111100011100110010000010000001011111010100011101101110111001000111001000111110010010100101011111011100011001011010101001011110111011110100000100101101111110000111101111011101001111110000011100001011101110110111010110000010010110001000110101100100101110111001111110000100000001110010111001110011011111001101101110011011000000111111001111101010100110100011001111011000101010001010111001111111100101001100110001100000