Role: sender
IPOtherParty: 192.168.0.5
SizeOKeys: 512
NumberOKeys: 128
01101110011101111110101011011101010100111001000010100010110011001101110011110110011101011011110011101010000000010000101001001011110111110101011000111101100101110111000110110001110001011001100101101000101100101000100101010011000011110010011001111111000110110011011001001011011010001100000110101011100000111000100101101010011101110110001110000111010110010101111000010111000001111010110010111000101010010110101100100100111000111100010111001111101101101000010101100101100000010000000001011001011001001111110100100111
10001010010110000010100110111011101110100000110000110110010101011011111101101100010001100101100100111011101011100010011000110101001110100011110001100110100001011000110100001011010011011011100101111100110010110100111100000001000111110000000110110000010001111011101000001100011100110001010111111110101101000001101001111000011011011010011110110011100110001001101110000110010100000101010011001110111110111001011011111101101011011000110110010100111111010010001000001101000001111010000010001011111011111000010010001010
00001000110010101111110110101100110001101100010001010100000000001100111101001111000110101010010101110111100010001000011100111100000010010111111010000101010110011111011111000011001111011101111001101110000101101110010111000111100001111011000011011001101100110010100111011101000011010111110100000100100101101011010011000100111111111100001010010100110110001111101001010010010000100110000010101100011110101100011101111011011111111000001010000110000101110010011011101010101110010111011101111110101110111101010011010111
11111000010100101100001100000011100111101011011010001101010001011100000100101001111000100010100000110101000110110000001011101101111011110011010000111101010110100110011011011110000110101100010111111011000100110111000001010010100011110001111110110011101110011101110101011110010010000011001101000100001000011000001010010111000001000111100101011101010001001100001000101111111011000111111111000111000111010101110100000001101111010101100101101000001010000011010010001000001101110010100111001110001001101100110111110111
10110000010111001010000101010000100101011110111000011111110011101001011011100110111100100110100110011101100011111110000010010011100001100101111011010100111110101001001100010000011110010000110110011110000101101111001110010100011111110101100000111100010001010111100001101000110100011000010110100100110010100111011101101000101110100111011001001000001000101001101100101001110010110000011111011110101000100111100111001001100000010000101111011011100100111001111010010101001101110011001001000001000111110001101000000101
01100110001001111101010011011110000111100001000010101000101101100110111010010110000110101011000010010101000110010110100110110001011100011111000111011110001010111000011000001111011011000010101100101000111110100110110110111000110110100111011111100100100001000110010100010110110100111011110101100110111111001010000001010001100011100110010110010110000111001110111001101011100111000010111011000001101111001101011011101000001010011111110011001001101110110000111101110011111010110100010111110000000010100010110000000000
10101110011011100111010011011110001010011111110001110011101011010111101011011010110000101100011000011001110110101111011100110000100110000011110011110010110000100100000011110101101011101001001000001011100100101000100010101110100000111101010000011101110101111101111011101110111011010101011000100011010110000111110010110111100010000110111111001000110110100101011100000010011001100011000101001010101000010111001110110011110001001010111101010111000111100010001000010110101010110011111110100110110100100010010100111001
11110101000101001010011111111110101011101111000110010111111100100010000101010110001010000101010010101000101101100101010101010110011111110000011000011000011010100100110001000100011000111001100101001101101011010100000011100111000001101111010111110010001000011101010100100111011011001001101111010101011010011110011001110010111111000001011101001001011001001010010101001100000111000100010001011011101010111111110110110010000010101011011000001110100110100101101011111010010111000011011011111111110011010001110100011111
11100001011100111100000111001101111011010100101101101000111101010011111010010111010101001100101000100101011000010000000000110000011001011110110111011010110011101111000010011011011011101010010101100011000010000010100111111110011110111000100000000110101001101110110010001101001100110111010000111111101100000001101100110011011110111110111101110101100010111010001011010010110100011111111011001110001100111110110000110010000111011001011110011010010111000100110000110110000110111100001111100000010100110101110111100011
01000110110100010111111101101100001011000100101110010011000111111100001100100011111011110011110101110101111110101111101100111111010100001001100101101001011010111111011111100000110011111110101111000011001101100100010101001111010001010110101010011101011000000011010111011011100001111011110000111000100000000111010000010010000000100010000010111011100011100100010100111100110011111111111000001010010101111111101001110011011101111100011000101101111010000000100000000111111000110111101001101111011101100101011100010000
01000001100001111001000100100000011011011110011110011100111111100100011100111101011101100111010000111010001110000101111100001001011110111010111000110100110011100001011001010001010110011101110101110011100001110110100101110101011001111010111000010011011100111000010010011110001011110100100010111101011001100101110011110111000100111111111100010001010111110011010110010101011110000010010110000000111000111110101101101001000100101011001111110010011000101010001010111011000011100010010000001101101101111011000001001000
00110110110101111110011000000010011000111001001111110110110000100110111001000010011100101100001010001111110010000011111000011000011111000001000111110011000111000000000010111110111101111011110110101001111011100101001000110011000000111100111101111011110000010101010010100011101101010101110001100101010101110101111000010011001000101111100100111001100010101101010110100110001001001001001110100111111110001110111011001110110100101101011100011011000111011000011011110101001100111011000100011100000000101110000111101011
10001001100011001101100010111101111001101110001110100110000011000111100100100000011011000110100010001010101011101111000011110011110010011101110100101100100011010011100100000010110110011010001111011100101111110001101011011100110110101000001001010111101100111001011011101010011000000011011110101100101000111000100000000111100100001110110110111001010011011000010100110010100111110101100101001000110011000010111001001001100010010011110011111000011111010011111011101111101011001010001001000100011010111011100100010101
10011111100100011111101000100010000000100000110011010011110111100011110011000111011001011101001101000111001000100001001111011001000100000100111101010010100011011001000111110111000000010100101110110001001010101111111101011110100110010010101110010111110010100110111111010110110000010010010011001000000011111100101000001001001011011100111000010111101001111111010010010010010101001000000111110011110010001101000100110001010101100100111010100101111111100100100110001110101000011111100101110101111000111111011011011010
01001101000001101111011000011101001011101001110010010000101010010110111010000001010010001010000001010010111100000010011111110010101110100000010011111010101100000011110011000010100000000111011001011100110011000000000101110011111100011110010100101100000111101110101111000010000011100111110100011101110010101000011101110000011101001011100110000000000001010010011100101111100001110010001111101101101001011100001101001100000010110011010111111011000000000010110000111010100100011100101010001010111111110111010010011000
01100001010100001110110010000010011010101111011101100010100110010011011100010010011011001100010011101010111001000010000110110010000011111000101011000010101111111111011011000001100010010001000011010011100101110111110010111011110011100011110010111000010111011100010111110000101111010010011110111011111000111000011011010000001110110001010100011100110110110000101010000111010111001000110110111100110100101001110101111001000101001000010100001110100101110111011011111001001011110101100000111000110110100110111011101101
10111011001100011000110000101100000111000111001001001010011110101100110111101100100001111010011101001010010011100010100001011110011111110001101000101011101000111111000011100111011011011001011100100010100011111011101110000010011001010000010110101100100100010110010010101010010011011001011111110011001001010000100101111011111111000111101111101110011000001100000111100010010011101001101111101111101011101010011000000111001000010011110101110100010100110011111111101111100100101100010111111101111011111011001101000111
01100111101100010100101110001010110110010000111000111010110001111100101001011111011000010111100000001011000010000100011100111100100100100000010110111110000101101101010110000001100000100110010101101010101011001110001101011110101010111101000001011110011111110010011001111111010010011100111000010010110111100011001011100111110011001001100100110000000001000101010001011111100100001010110010111011000011000101111001010011110011100000001010110001111100100010101011000101100010001010011001010111100111000100000000001001
00111011111010001101000000010000001100011010110101010001011010100111100110001110101001011001001000111010110011001010000111011000101000010110110000000111110111011000000110100010011001100110010001111001100011000001010011010111101000001100110110010000011010100000101101000111111000110101100100010111100001011001101011100000100011000011000011001010011011000111010000101111001000010110100000010110111011111111111101110100110110100100111111110011110110000010001100000000010100101000100101001101010101000111101000001111
11111000101000110011111000100000100110001100101100001101011001001010110100101000010010101110111100100111010101000001001001110011110000001010010111001001101111011000110010100010001001100110110110001010000110100101100110101001001000101101110110001000101000000010110110010000000100000111011111101001101111100011111010110101011100110111110111011011110010011111000010100100111011010000011000100100110001011011011011110010011111010101100101101110010010100010100111001001001111010101011100100000110101000011110010011110
11111001000010100100111110011010010111011101100111000010111010100000100010010111100001010011001110001111110111010110001111000000111111101001100010000001000111011101111010011011010110000001101001110110010100100110101011100110101110011011010010011110111001011101101000000110010010101011001001001101100101010011011110101011010100101110011100011110011100110110100001101101001101110101110000001101111011101011001010000111100001110001100001001000011101010011000100110101111000010011000101001001001001001001010101010011
00111111101011100111011000010000101111111000000010111000001011010001111010111000101110111010111110111010111101000111101100100000000011110111001100011111011110110001010110001111010011000010010001001101011010000000110011100111000101100100111111111010011111010110100000100100010010110111011100000101111000111000100101000110101001010000000011100010010101101110111010010110000001110100101000011110111100111100111101101011100010110011000100110101110000111001111010000101001111100011100000111101011101000001100001010010
01110101111000000011011010100111100111000001001011111000000100110001011101101001110110001100110001101100100110100011101110011000101000010000011100100111001111111100110000000111010110101010101101011011001001111000101110110110000110011010110100001011011000101111111011111100100001110000000010101001010001110001100110110010110010100111010000011001011101001101011001001010000001111001001111010111100010101100011010111111000010010110000011101010101100101011001100011010110111001010110000110000010001111110000011011001
11000000010111101000100111010010101001110001010000101001011011111011000100100111100110011101110011011000101110101000110000100111010000011010001100110000010010100111101101011111100110110100001010011110110010100011001011101011101111011010010110110010000010000111100101110101100100000110100110001110100100110011000010110001000011100101100110111000110100100010101111101001000001000000101101111110100101111010101000001100010010110011100111101111111000011010111100011011011110001011111111100101000111111010111110110010
00110100110001011011101001000111110110010010010001000100011011011011000101100111001100010000110000100100011011000101010001110000101100000101110011001001111010001110001011000011010111000001101010011111111001010010001001100011101101001101001100011000111001100011111100100001000011000011110110101101111010111001010110101101110110000001111011101111110011110100001011110000011111011010111011010111100000000010101001000110110110010100111101001110110100110010101110111111011011111110101100000010110010111010101101101001
11100111101110011101001111101100111001110001111111101101011000111110011010000110010110010010100100000110010100101111101010010110110000101111011001100001001111111101000011000011001110010001010010010011001011100101100011011111011111000011101111110111010001001001110110101011111011111101000010001101010110100000000000011011011110000000011001010000101111101111000001000110111100010000100111010110000000011000100101001111100011101011001110110000100010111100100100000010110100001011011011010111000111111100100010010101
00101101010110001010001110101011110101110111100111110100101001011000101100011001001010001111010010111010010001110000111000111000011001001011001001000011000000001101001101110100011000111110101101001111100011010011100100111100110001000100000001111000011101010000110110000110101011101001011011001000010010110100010001111101100101000110110011001010000111110010011100111001101010001011001001111110000100110101011100010011001111000011110011001110110000001001000110000011000101001101001111110110101001000011000001010111
01101100010001100001100001111000011101000100011011011110111101011001101011100001101011100101001001000111100110010100000010111101110100111000101000100000010101110101100000000101001000110001000001101010010111011110111010111110001001010100011010001011001110010001011010111100011011101111010001011010100100111111011001100100001001000000000011100000101101101100110110101111010111011001000110100101000110001100101001011010001001000000110101000011100101110011111111101101010010110000110011110000000101101001110010110100
10011111111001000111011111000111010000000010010011000100111101010010011011111011110011110101111010000101000111001110001011111010110101100101100101101011010100011110000110101111101111111010111111000101100001110011001110111110001001011011000111101111000011100111010110000101100001101110110111001000110000110111111111000001010010011111111000001111000001111011011010000111110100111111011110111010011001111010010001010100111101001100110010010011000011001111101001111010110001101010001011011100111110011100010000000000
10010111101101101010000001000100100110110110010111000110000101010001001010101001010101111001010011101011000100110011110111010011001011101110000111111001011010101101000010110000100101011000111111011111111000100000011001010011001101000001001001101101000110100101111101110111010011110100100010000100100010010110000111000010110100100010001010110011000000111001101111110101010010010101010011110100110111100010111101010001101010001110001011101000010111011011110100110101110001011100101010101000000100010001101010111101
00111101010000000110100010111111001111010000001010111010010000011111011000111011111011001010001011110010001011000111100100010100001010101100011001101001011001111010100000111010010111010110000111111101111001101111110001001001100010111001000000111101101001111011101101010011000111001101101101110111011000011111100100100110011100010100101101110110010101001111011110101010110111111010010000011110010011000110101101010000011101111110010101000000010001101111101000101101110100010010010000000001010100100110100100100111
11010111011111000010111110001100100011010111000011001000010010010110000100001111011011111000111010111101110011000110000011101000110001101100101110000110110110111100110111001000001001011111010100000110011101111001000010000111000110001100100110000110110110110011111000001000000100111111110011101110111000011101001111101010111011101010001001001010001001010000011101001110100110001100101111111111000001001111100100000100110001001010111110110000010101110101111001011011111011010010101111000111000101011000001001101010
00001001101100010001110100001101011110110111001100001110110100010011010100100111001001111010011000101010000101111110000010011101101110110000001000111011011011010100100111000000110101001110110110001011011100100100110101110010101010011110010000101101111000100001011010111111100010010011001001011110011000000000001000000101011011001001000001010110101000100111110101101110101000100010011110000110000110001110100011111011100111001100001000011000100001000100000011011101000111100101100111110110101110111001011010101010
00001010110010111000100111001001010010100010010001110110110000000110110100100000111101000100101011111001100100110000111011011011110010101011010101010100001000101000011000000100111101111010110011110001011111000111100000110010111000010101111111001010110110000011100010101101000001000001111101010000100111011100111010101111100010111011011011111100000000101100110001110101011111111111001101110100010011000010011101100111100111010111111111111111001101011011011111100111000110000110000100010001010011110011110101101000
01111101000111101110011010001110100011010010010101011111000000000111001110110110110101111010101101010011010100111011011010100111110001000001011001000000101110000100110111100110011111110110010111010010001011000100011010010100110000111010111011010100000100101011110101011011100000101100110000110100100001010111111001111001110110011000111110110100010110110100001111000110000101110110101101001101011101001010100011101100101000110000101110110111100111110110101010100110011011100011001010100100010001001110001001001010
00001000011000100111101001011110010100001000111001011100010110101001011010000011110100111010001001111011011111111001000011010110010100000001000110101011111100100000000011110000101110001101000101100001101111011100010011101101111011010101100011110011010101110111101111010101011110111100110011110111011100001111110001101100000001111110101110000110110111101111011110101000100111101100101001010001010111100000110101011010110001100111110000010011011101011111100110100110000001111100000100001000001000001000000000010111
01001100001100101011000111111110111011001000001111110101011000101100010011001110001011101001001011011101110000111101011101100111011000101000110111111100000110001100101100111111101011000101010011001011010100001010000110111111100100110110110110000010100011001100011101000110010000000010101100101011110001101010001110101110011000111100000000000000101001101000101001000101100001000101111111000110110111100101000010011100010001111010110011111100001011100011010110100011110100010111111010101010100010110110011100001001
01010011110111100111000010011111010110101000011101101100010100001100100000100100110100100100101110010010101100101010011111011000111010110110011111100111110101001110110110011001110101111001011100010110110100001000101111100001000111000110100111011000111001110111010111101001110101000111000000101000001101010110011100110010000101001010101101111001110000000000001101000101010010100100010100011100110110101101101101010111100001011100000110010110110111110001101100011110101101001101001100011100000100011110111100000101
10100100011101111111110011000011001111010111101011100101011100101110100010110111000010001111101011001101010010010000101000111000010011111010100100101101111000100101100011000111100100100000001110000100011110001111011001100111110000000110101010100010100010010100000100000001001011111110101111110111111000101010001010111010111101100100101011100011010101010111110010000101000010010011011001000011001100101001001000110100000101111001001100000001100101111110101100110010100101000010110001011001011010101000010011011110
00110011111001001110010100010010111011111011110101110001011001100010101011000000001110101101101100101010111100000111010110101110100010110101111111000010011100110001010110000111110110110001110110001101101010100110111111111010000010010101101000101111010101011110010010010000011000000011011100001001011100010010110100100010010000100111100101101110010001101101010011000111100001101000101111000111011100111111110100111000001101100011100011110001111100101011101111110001001100010011011000010010110010110111010010011111
11011101110111100111001011011000101000101001000001100010001010101000000001111110011100000101110100100111011010011001010011100110101110111010101001011100000101011101010001001001101010111000100101010101100010010110101111000101100100101101011001011111100110010111100100111001100111101011100100010010110010111111001101000000101010101101010010110111011010110100010000110011001001100100100011000011000010010011011111110101111010001000100100000011001010110111110100010001001011110000011010000110010101010011000111111111
00110010100000000111100110001010101000000111110110110000010001100111000101100011111000001100101011100111000000010111100110100001000111011000000100001111101100000111101010011101100110101100011101001001101111101001111111111111010101001011011110001100001110101111100110011111101000110110000101010100010001101111110010001101100010101011011100100111110000101101000100111000101110111111101001100110100110101010100110011100101111111101011011101000101001110000100010101001000010111101101110010110001111101100110110101000
11111000110011111110111100001100000011100000111101001010011110000001000010010011000101000011100001111100100101100010000001000000011110111111011110001001011111101101000000001110011110010011100011101100010100101110001000101110001111101001101111001110001110000010010100011101111010111111101000000010001101100011001000111111110010000101001010100011111010101101011001011110111100100100001011111101001000111010001000011101100010010101011001101101111010010111100111000100010000010011010110011101101101101110100001110010
11101001000010011011110000101011101000111011001101001011101001011011000000101100110101101001111010111000010010111110111101100110110101100100010010101010111010001001101110100001000000101111110010010010101010101101010000000001101110110111011101001110111000100001010100010011011010000101100110001000011010000111111010011001101101101101101111011011000111110001110001011110000011001001111101111000011110010110111110001101001100011000110110011111101101010110101111100000001011101011101011010110010011101100111010000011
10100010011100011101010010100101010011001100110001110110001101000101110010010110100100000111110010000010110001011001000110110110101100001101100110110100100000111011010101010100000110101110010111010011010100010011110111001111001100000110101110101101110011010010011000000000010001000110001100000000000010110100000000110001011000001111000101010010011011000111011100110000111100101011110001001011100000010110110001011110010001000100101111111010010001010010000001110101000110001101111110010000010001000101100110000010
00010000000000110010100000011101110111111101010100001001001101001110101010101010011000011110001011100010111001100111111101111110000110101011110111101011111100110000001101000000110011011001111101101110110001100011101010101111100101011100111101110000100001110101100101110011001110100111101000010000101011111111000101101110100110011001010011110010011101111111001011100110010101001100000100111111000001001000101001111000100111000000011101110010001100111011010000000010011101111111001101010001011001101111110110001010
10010111101001111111001010011110010001011011100101010101000110111110110111100010110100101001110000100000101101010011101101101011110011110110111001010000111110100000101000110101110010011000001000100100101110001101000101110101100110001001011111000101101000101111111000111110110110001001110110110110001111110101101100001011010100000100110111110011111000111110001011110110011100001000010001010100001010110100001111111101101111011001000100111111000011100111001110110111111011111111001001011110111001001110000000001010
11000111110111111010110000011000000101100110000111010110101110101101011111010101110111101111111010010011010110111111111011100011011001110001001100100001110100011101010001101001101000011100111000111001010101111000010110010111001100101110101110000101000101101000110110001011011100000011011100101011000101000000100111011111001111011101010000001100000110011110000101100011010110111001011000011010000101111001100000110110001101101000100101010101000001011100111100111011101101001010011010010001001010001100011011000010
11100011111010011010000111111001100101011010011011001111011110011001111101010011101010111001111011111110101000101110011010101001010010001011011110010001011111111111000000010100111100000111001100111000010000110000101001100111000001100100010011111001101111001011110001111011011110110010111001101010111100000101100110101011111001011100110111100101101110001100110101000110001101001111000001101101010111001101010001011111011111100110011111010000100001111010010010000100111100110110111000111011110011001010100100110001
10111011110100000000001001110001101010100111001100101110111001011100000010110011101011000010001101110100110101000101101111001010100100110010000001000111111111101101100111000100011100000110001000001110110000110100100101001110101100110100010111110010100111010101101100110001101101010111000001110000111000011101001001011110000010111110100011001100110101001011100101101101100000100000010100011111100010100101101100000000011011110110101100101000010000001111010110110011101100010100100111111111010101011111000010011100
11111110111100010100000011111000101110111100001110100100101010110001100110011010000111001000100000111011010111001110010101000000111111111110001100000110100110011101010001001110011001101000101011011000010101011000101111001001111001111000110111010011010011010000100011001100101000011111011100000110011110011000100001010110000101000111001001011001001100100011010111100011010111100100101110000111110010000111110111110001101100010111111011111101011110110111000001101100000110010000001011110011010011100100111001010111
01100101110011111100011000111111110000111111001001101001000001110011000110101011001100110101100101010011110111111011111111100101001010001110000001011110010010110100010100011011001110010000010010110110111010010111000011100000001100010100000010110101111110111011010001011111010101000101100001011000011011111010010111100111110010010111010110010010001001001111100101111111111100010100110111101111011100001111110110001110001111011101001111100101100110100010010101101110010001010100001100011000100010001110101101110101
01011111010111010010100000110011100110110011100100100010011001001100011011010101110111000101100011010001000100010110000010100000010011000100010010100000001010001011001111101101001100101011111110101110010011111101011010111010111011000000010100101110001110110111101100111100111010111111100001000000101000110000010110100111010110000011010011111000011000010001111001011000010011111011100110010001001010000101100111110001111110010001111100110000101100000011101110001100001100110100011101001011011100011000001001111100
11100011110001101111011100000011100101101010011000010101111100010110110001110010000101000100000100101000000111010111001110011001001100000001100111010011100011010110011011010000010101100000011110111000100100001000011000111000001100111110001000110111000110101010111000110001001110111100000011100011101110101111101111010000111110011101110010110111101101011101000110110010010011011111001001000001110110101100001100011010011101000101011001000011000000110010000111111111100000001100111000101010111110001011011110110111
00100000011110011101110110110011111010011001101111010000101101010110101000010101101101011011100011100010000000010000111111111100001100110001110111101010111000000111111000010100011110000100101011100101101110011101101111001101010000110011010001110111011000001000001100011101010010101010000000011111110011010111001110001101001000100111101010101011000001100010111011010010000000110010000110001110100100100110010011000000000001001011011000011100101010001100100011011010111101010101111001000000010011110011110110011100
01000100010111000000000100110000010010100001101110001000111101000101100100011000111111110101000010001010101111000001011110010110000101011010010010100100000111110010000110111010000110100001111000101010101011111101101011101001010011111011111110101010100000001001111110001100000100010101010011010000101101001011100101100101111100110110011010100001000000000110010011101100101001110110100111110101101111111111101111110100011011001000111001111100100111010001000110101111100011001100001111000100001010110110100010101001
01111001001000101110100011101100100000000100010010111011010000000011001111010001001000100101010001101100010000001110010001001110110100100010000100111010011000101001110100111101111001111111001001111001001100000100111100011001100010001001011010000111111011000001010010100101111011110010110011000011010000001010101011010111001100101001101001101001001000010011011000001011100100110101101011100111110000111100100011010100001010001100101111000011110110001100100010000110111110010111110100101101011001001101000000100101
10010110011101111110101100000101000101000011110111101001110101000101001010000011011100100101001111000010010011010000110011111100010100001010001101010010100000110111100110111100110101111001010101000111100001101001010111000000000111101111010000001111101000001101010011111011100011001111010000101000011010111111101010100110100000110101001111001000010011111000101011101111011110111010110001010011101001100110100000101001010110100011100010011110110110011001100101100001011010111110000100000111000001110101001111100001
11111000111101000101000011000010111101110001111000101111101111100010010011111101001101100010000000001000001101111001111000000110111010111110101010110111100001011001101000100101000010011100100001100110101111000101110011110100100011011010001111010000110011011011100111011001100101110011101000011101011100100000111010110111010001110001000100101001101010010001110010100000010010110111010101111111110110100001010100110110111110011111011011110100010010011100001001110100110100100010111001110101011010011010000101111001
10110001101000001100010010000111111111110110100110101110101011000101110001111000010000111111001101001001011111101011000010100100100101011011101010010000010011011000000111111010101111101011111101101100010101100011100011100000111101010000111011001110011010001001001001110011001100100001001000001011011100100101011100000011010100011000010011001000011100111000101010011000000000101111110010111011001100000111010011110111000001100001110011111001001000001110011110010010101101010011000101011001110000100011110001011100
10101001001101011010010101000001010110001010101110000001010000110011011011010101010101000101101010111010000100001010110110010011011110100100101000000010011011110101100100000001111001011110011011011001001110110110100101000010000110100110011010101000100110000011011011001111001011011111001100000010000001110101101010010111001010101111100100100011100110010100100011100011100110111111100011011110000010110100001111101001011011000110111001101111010011111010101000101010111100101111001000110011111011101111011010111011
01010100010110001111100100010010110010001011000110110011001010000011011101110101101110111101011110111100000100001010000010101000110100101001011111101010001010111000001010101110011010111001011110111001010001011000000011011001100100111101011100101010111110111001001101100101111100011110110000100111111100010101000110101101110111110110000011011000011100000111011001100010110100001110011101101001011100001111100101001011110111101100110100011011000101001110000000011111000010111100111000100000010010000001100011101011
00111100010100001001000001011110000110111011111001011001111010110011111110111110000100101011111000000100101010111011110001101001010011101010110000100111100111000111100000111110010110110001011000011101101001001111110000100010011100001010100110000001011101000100111010110011010010110001111011000110100110100101001011000111011011011010100100000100100010100111000101100011001110000000110000001010001001111110111010011011111001011101011111011011001110100001111101001110110110010101010010010110000011001101011010100101
01110110001100001110000111111100001010010010111110111111000011000100001001110000010000010100010010100000110110100001110001010101011110100100110010000101000001010111000011111010110001100101101110100010100100100000011000001000010011001011000101110111011011001001100011011100111010101111001010101100000011110101101101100001101011010110111100011001001011010011010001000110000111000011100110100110000000000011010111011000011011110101100001110110110010000110110010100110001010111100101101011111101000011010100101000000
10101011001110111101001011001101000111101010011000110111001111011101101000000111110011100011111111001001100010010011111100000100011100101001000010010110010010011011101000100000011110010111101010101000010100011000110100000000010001111010010001000101100100000001110010010101100110111011000001011111000100110111100110001111001100010000110011110101001011100011100101110100101000001011110000111111110010001010001101011011000100111001110101111000010000001110101001111010100100000100000110000100000000001110111000101111
01000100010000111101110001010010101011010010011011100001111110001011100011001011010111100100110011110100001101111010110000101001000010011001100001001000100010010111011101000010110110001110101100111000101001100010100100100110011100000100010001110010011110000010001111100111110010110111101011001010001011010000111111110110111010001001001010110010010101010111011100011100111000010011001011110011111111100010110101100000100010101100011100001001101011111000100000110101111100111110001010100000111101011111111011011011
01100110100110101001111010111110001111100100111011100011111011111010001001010100011001100001000010000110010010011111111001101100010000101001101000010100111111010100101110110010011101100011001000000111100111011001110010110011010001010111001111100110111011100110100101001001011100011001111101101010110100000001000000011011010011100010001001001101000111110000101110110100110010100011110110000001001011011011100111001111111110110010010011001111000100111000100010011010001111000010000111000001000100101101100111101011
11011010101001010110110111001000100010101110101100101111111010001011001101011110110100000010011101110001001010010011111001000000110111011000001100001000010010101010000011111010100111001110010011010101001001001011111000101101100100011001011111110011100101011001010001100011100110110100101001111000110111000101011001111100111011110101011100100100111000000110100101100111100100001001001010101110100101110001001000000100111001101101110101100011111101011111111010010000010111000101111001101000001110000111010111111110
10101011000010110111110011110110111000010001010000100101010000111101001100111110010011011000010110000010001101101100010101000001101100000000101000100110010010101110010100000111000100000101001101101101000111010111001111011110011100111100001111011000011010100100010000111111011100110111010110111110111010000001111001011101100101000110111100000100111010111100101101010011100111001011010010011001111110111101110100100000100001100111000000001110101011001001110110000100011000011100100000110110001111000101101100000111
00110110001110100010111111111010100111011011111001001001001010100011001011111110000111000001111011100100101100011001010011001110000111001011000110011011010011010101000111100111011001000000110010110101011011010110100000101110100000001111000100000010101011111001101111110111100000011111111101101110110001010010110011101010111101011010111110001110001011101100010101101100010111101000011011000100110110000011011011001111100011100100001001111001101000110111110010100000010010111111100010001010001010111111001011101101
10010000001110111111001110110111100000000111110000010100101110100011000111111101101001101110001101011100010110110111111000011001001101100000100000010100011101111000010100110000101111001110111111010100010100000011000010010000111001000101001101111010110011101011011111101111100011011001011000111011011001011011000010011101011111101010100000011001101011010010110000111101110110110111111010000011010111000001010001000111111101110010011000011100110001001011100000000110100111111110000110111100010010101100001101001011
00000100000000101100000100000110001100010010111101111010101011011010000010100110011110000100101010001100001101101111100001100110011010111101111001101011101111100111001111100101110010001010011011100000101000010110011111000101001000110001010011000111000101001101011001100110100100100100100111101001001110010111101111001100011001110100100011101100101101010000101011110110010101101100010100001011100100110000100010010010100000010001011000000111100100100011101110101010111100110110111111110000110111100111111011000101
11011100101010000111101000101001110001110001000011100010111000010110100011110010101001101110111111111001000011011101000110100100010111111110001001011010101000011010101011011100111000000011001010010111111110000100100111011001011110110110101110001110111101101010000110101000010111111001000001101000101011110010110001111001111000010111100110000101011001010010100010001000111011110001111010101010100111000100011011011110010000001001100101001100110011011100010010010100011010011101110001100000001001100100110010100111
10101001110000001100100100010101110100000111101100101110011101110100010001010111000010101101100100000100001010111100011110111110000101101001000010001100011011001100010110011101100000111111000000101011110000110000111100011101010010101110110001101110010110111111011100110100001000110000000010010010101100010101101100001110011010100100011110011101110011100111110011000000100110010010011001010101010110000110111010100100110100101011010001111010011111000111001011000001000001000111011011101011101100111000100100010101
10100101011000010110101011110111110011111000100111111001111110101001111000001110100010101001011111101001001100111000010010001100011011110000100001001111011101000001011001011010110011011100001101000101101011011011110000100101101111101111100101111000110011000111110000010010000010100101000010010010001010101001010010010100000010100010010110110110110010110000101100001001010001100101010101110110101011010110000001101001111001010011001101011101110000100101101110001100101011110010010101101001000101010111101010100001
11111100100100101010000011000100110111101100001110000010001011000111011010000110000000001111010100000110010111011101000000100010101001100111010011101010000100100001101011101011100101001010010010001110000010100101001100011101100010110000000001101001100101000111100101011001111100110011010110000101001100110111000101110010001001111000100010101010000101111110101101000110000110001110011101000110111000100000000000010111001000000100010010001111101011000101001000100000001100111010100010011100110111001010100011010000
01010111010101101100000001010011111111001111010000011101100111110111100111000111010100011110101001000010001101011100100100010000101000001100001101010100011101110100001011001001010011001111000011011010100001101000101010100001011011110111110001000001100100001111010011100011100101010100011010100011000001101011110100010100000010100100010111101101000000111010100100010111110001011011000100000111010110111110000111001100110111001110111111111100011101011100100010100110111101000000001110001100000100001111001101011100
11101111011001100110010111110111011111100011000100100011010100101001011000110001001110001001100111011011001001110010011011001011011101110101001101010011110101101001101001000110010101100011000110110101011111100101100000000010100011011110001110100000011100111001110011111110000110101111010100100101000010110001011010111011001111110001001100010110001000110011000111111001010000010010110100111111110000100101111110110000111101101101110000011111101011010000111000101001010010110011011110000100001001101101000110100000
01011011001110001010111011000110111011001011110000111110110111101011001110010011001000000100010011000100101010101010111111000111100011111100010101110000000011010101000001101111100110110100001010001000000011011010100111110110010110010110011101111010001100100111011100000011010110111100110111101100000011001110001001100010101111110101110111001101001001011100101110111011110011100100100100011110101011101111100001101100101000101110010001100001111010000111110000110110001000000010000010000011011101000110001010010111
11011101001001010011110001010011011110100110110010011100111011001111001011010000111011111100101001011111000010011010011101110110111010010010001011001100011010111101101000011100111000000001100000000100110111101000000001100010011111001010010101110010100110001111101101101001010000001011011100100010111111101000100100001101101100111011111000001000011111110011111110100011010000001000111000011101100010110101110110001000101110111010100010101100100100011101000001101011011010010010011101110011011101110111111001001110
10100010100011101111010111000100100010100000100000011111101100000001001011010001100111111001101101011001111011001010000100010010011010101011111000011111101100110000101000000111100011010100001011111010000111010001100000111100110010010101101010110110111110101100101101110111000101100111010011000010110100111101100001011010000101011111010101100001000000111010100000111001101010011110110110010101001100001011010011001110001001101110101100001000101010111000010111101111010001000011011111100011000100111101100000011101
10010011000011001001110101111000101000110000011010111110110010001000011010101100110111000111111001100111011001101001001101011001110010111101101111110100011101111111000101110111110001000101101000111001001010101111000001010011001111101000110000010111111100110110001110110111011011101100100100110001101111011011110100110111101010111011010010010000101110001000010100101111101010001111011000111100111000110100001001101110000000011000110100011101010001111001100110010110101100111110101010001101001011000001001111110110
10011001111100011101110011000010110001011000000100010001100110010110100010011001101010101111010011100111101111111111000111111100001001011100111101001011010010101111111100111101111110101101011000010100000011111101010011111101001110100010100110110001011111011100001111111111001001111111000110010010100110000011101110010010111000011000101010110011111101100110101110011000110111100101110011101101100100111001001011001000111101011100001001100111110010010101000001100000000001011110011101000010110011001000000011111000
00000101111100110011100100110000101100000001000101010101100110011111010111111111101100110011001001001001111001100010000111100110001011010011010010000101111111100010100010011011001000110011110010001101100001011111111000100101010010000001111110010100011101011010000001110100000001001001110001000011000011100100000100110000011010000111000100001110110110100001000101001011110000001001011110101000010010110001011000001110111010101110111110001010101110000101001011001111110000000110010010100100110001010101111100001010
01000100111101001101011111001100101100100010010110010100001101101010010010111010100110100111001101111101010010101110100101011100100000100100100101111011011111101011010111011100100110100001011111110101010111101000111001010010111100110010000001011000000000001100101010011000110110111111100101011110101000111101100111001011011111010000001001000011111011111100011110110101100001100010101110100000001110011110111110000000111110101101001001011001111011010011010100111101110101111100110010110111111101100111000110110111
00000110011000110001110110010110001101110001111111000011001011000010011011111011100011110000110111111110111010111111011000010000011111001100001110110111010110110101101001011100110011000100100001110101000001011110010100011100110100101101000100001110110010100011101001001010011011101111001010110100101010111011011101111100111001101001010000000110110100101110100001001100011001101101111101010011110000001111000101110001010101001101001110000111110011111100010110011011001010010111010010101001111010011000011000110000
01101101000001000110010100001010101100001010010001010101010100010000011001001010001011001010000010110100001100001110110011101011000001000000110100011100101111011101000010110001101100000100010110111001011011111110011111100010000110010011110011100011000011110110100001100100111100010110111001101000001110001001010111010101110000110000101100011011110001010001110100001110011000010000010110100100100010110100001110110000001101101000010100011010010011011111001011111101001000000110100000111010000011110000100110011111
11111001001010001101111100111000111100001111100110110011011110101110011011011110011010010011110111000001001111000010011010011011101001000101011010001101110000010011110101110111100111010011010010001000001100001000101001001010111110000100001100001001110010100111100110000111011110000101000011010010100001101110100011111110011110010001000111111111001001111101011101101011011011001100100011110100001001010000101110001101100100110000001111011000110101100111110100001000010001110101101111101100000001011101011101101010
00110100011111101111001101011001000001110110010111000000000001110011000101010001010011111111110100100110001010010011100101111101101011100111001110001001111000011100000100001101011110111100010100010100011001100001110001000010110010100011110100111011101000111001111111110100111001000010100010000001011111111010010111101100100100100111101100010101000110100011000110110100010001101101110000111111111010001100001001000110100000000111001100010101100000010100001111111010011101001111100100001110011010111001100011100010
11011000011110010111011111100111101010000101010101110110001011111001000000010110101111101000010001010100101111110110110111010110001111010011010110001100000000001111010000111101011100110000010000001111011011001001100110011011101001000110100101111000100010101110111011000000101110110110000011100001001010001101000001001000111111101100001001110110010100000110111100010010001101111100010001110100000001101100110100010101011000010101110100000100110010010100110000100001011111100010111011101100001100011000001110100110
11111100000011001110011100111011000111011011101001011111011110010000010011101101110110101100100100010100101011101011100000000101011001000010011101111111010100000100000100001101101110010011101100010100001101110101000110110101011010100001101010011000001010000101100110100101101111100011010001001000011111111101100111010001011000010110111111010100000000011011001001100011100011011001001011100100101001000111010011000010001011111001100000001000010000110000010010101100011110101000001001100000101111010000111011101011
01100010000111100000001100000101101101010100110110101010001000011101001100010111010111011001000000000000101010010111110010001100010010000000100111000100010000101111001111100101011001100010100111001010010101001101000111111101001001101001101110110001101110111100100101110110010010011000111011100011010101011010111011011100010101110100100011011101111011110011110100101100001000100110110011010011000000001101110001011100010101011100001011000111001000100101000111010010010110100010010111010011100100001110010101111110
00100110101101010011010100000100100000001000110011011111011101000011000000011100001100011011011011000010000001100001001101010111010100111111001111010011100101101111001001011001111111111110001101000000110011000001100001100110000010101100100111110101100111100001011110000101111111110011101101000101101001100110001001100001011010011111101100010110110000101001100010000101011110001100000101100100000111100101101000110110101000001011011011111000110111111110101100011011111110011000111000000001010100011101100100111100
10001000000000100101001111001110110000001011011101000110001100100010101001001101011100010111001001010001010000000000111000001011011001100001101011011000110001101010110000111100000111000110101011001100101011111010100000001011110101111110101010011011110110110010010001111000010011011111011010111001111111001100111111000110100110100111110111001110001100110110100000011101000111101100010101110011110000101010101101011110110000110111000000011111101011110000000010000000111100101011011100110101010001101110000100101101
10100011000100111000111000110111101011011001000010000111011010111001001110101011101010011110000010100111011111110110001100001111101100000100111011011010110100010010111100011001000111001001110010000010100111111011000000100101111101000011110001100001100010001111101100110110111001011011101110100011111100001001001011010110000110011111110001110001010100101011110011100000011010111100111000110110101110000111010011011011010100010011111010100111000010100100101000110000110001110001010110010000000111111010011000110000
01110011011010101000011100110001110000011010100111110000010011100101000000000001110011000001101111100011100101111001101100110010000100110100011100100101101010010101110011000111110000010010101011111001100101010010110110100110011000001010001001110101111011000100000001101111001111000000111000100010000101010001100110011000111100100110100101100100100001100000010000100101000011110100100011001110001101000000011110111110100111001101101011000011010011001111100000110010011101000010100110101001000110110111110101000100
10011111011001100011000111011011110110011000011011001111010011011111000000111001100010010110110001100110010010101001010000010111110111011001010100100100100001011111111001011100010111111000001101101010011110001111011100101010110101011111000101101001001001011100110100001011010100011001101101000111000010110110001011101100011110100100110000101001011111010101111000110000111011110010010100101001001101010110001001010110101001100011010001000110101101101101010100001011010110001001011110100111000100111011010111111000
10111011001010010111001101110000110111110110101000111101010001110101110110010101111110101101101101101111010010010111110001110100010001010100011110101000101010010101000110011010101110100001010111101101011111010111010110001101001111011011010101100010011000101010110110001101100100000111110100001010000011000111011101111011101011110001100000001000010001101101100001110100101111111111010010111110001000111110111110000000100000010100101010000110010011010101011100011100110111110011101000100110011101100110010011110011
01101100100110011100000000101010101000000000010101000001100000100010101010111000101110101100111110111011111011001010001000111100001000100001010100110111001110000101100011101010101111000100000111010110100010000000010011000010110111001110011111010010011101011001110111001100100110010101111110110111001100000011001100111101110001111001110011000001111111000011010101110110100001110101001101100010001000001100000101000110100001011001110110000100111011110100011111010111101010100000100000010011100010110011000111000001
00000010000010011111100110101011001001000111000000111011011111000111000100100101000111010001101000000000111011110010111011000100110101101110110010100001000111101110001101011101100001001010110111111111111110111011010111111010110100100011111100111000011001001000101101010110000001111100111100011001111000100100101001101000011010011110000110101101110101111100110000010100100001110000110101011000110101001010001011101001110110101010010001100001001001010110000001000110010011010000011000011001111100110011010011110110
00100010111110100101001011110101001000000110111100111010001101101010000001101001100110111111010110100000010110001000010110011101111100101101100111101111110101011001010011101101011010000101011010001000000100001111110111110111100010001111111101100100111110001010110011010001110011111101111000100111001010001010101010010011010100000001000110000010111001101101001100101011010000011100100010100001010011111110010010110000011001101100000011100011110100111011001001010111110011100100101001101110100000011110001111000011
01011011011011000000110100101100111111100011101110001011101011001110010011101110110001110000111001110000100000101011110011000110111100100100110011000000100110000000110010000100100101110001111111100100101000000011001011011010111010111110001011100101010101010100010100000100000111010001110001110001100110001001010110100011110101010111101001100111010001011100100110010100101011110110010001001000110001001011100000100001001100100001010100111110001110011111111110001011100100101100110000011101001001101101001110010011
00111111111011110110011011001101110111011111011011101010001100010110000001101000100001010001101000001001100010001100101101111111110100100011001100000001011100000011101111011110100001000000111010101001101001000110000100101110100010011010110000101100100100111011001001111101011010010011100101010111111001011110001001100111000110111000100110111101000000110000010001010100000011011111110010011010111010101001100110111100000010001011111011011010000000001011110000111110011110111101011100100010100011100010000010100001
01101010110001001101101101011011011001110100001100000000010010101100100000111010111000010110100010001001100000001110011000100001010101110100000110001011111110110000010011100010110011011110001111100011111010110110010110111101110101101110000111111000110000010000011111010001110010100100110101001010010110111011101100011101000111110110011101011011001011110101000001011110100000011000010100011001101010111000000101010101101001010001000011010110111001011100100001110111111111011110010101100111011111111011001001101100
00010110001101000000000000101110010111100110110011110101010100110000100101100001001001111000010000110000011111110111101110000001010010001000010100111101100100011111011000001000011011001000000101111100011010011000001110001010011001101011010010100010101100001011000011100000001111011001101101111001001010011011110000101010111010000101010111101111110111110100011000101110000111010011111000001110001011111100001010111000111110110000111000101001101010100011000110111000001101000100011101010100101100010110010100101001
00010000000101000010111111011011111011010011111010010111001101001001011110100000010000111001001011000000010011101001000101101001010000010001100111000110010100001110101101100110011001000010110010110111000010011110111010010011100110100000100100101100001011111001001011111101100000100010010110010010000011000111001101110101010011101001000101101000101010100011011011101111101100101110001110000010100110011010001010101111110001000000111110010100011010110010110000001110111100010101101111010011011000111101101100101111
00100001111111010011100110000010001101101010111110000000110110010000001000100011111001001000111100101000011010011100000000010011000001011000110100001111111000010001101011001000110011001111111110010111001001101101011011011101101010000010011110111011010011000010001110010100001011111010011100111100111001110000101000100110000011111011000011011110101110001011011110000100100110010111101101010011000010100110010101101101001000111001110011001101101100111101101101111011001011110001100101111011111110111110011001000110
10101111111011111000111100101011111100100010001101011110101011110100010110000111110101100100001001101111001011111101000001010010100101011111101001010000111001000100011011111000000100100000101101101000010000111110100110100001111101101100111010111110111101111111110011010001001100100000101100001010001100000101011011011011000111100110110111001101010000101111101010100110101001100101110001101001010111111011110110111000101100000101011001000011111010101010001010000110000010000010011011111101111100111110110011100101
11101011011101101001111110000011111100100010101001011000011100101011000111101010011011001100110000001101110100111100011100110001010011010010100000111011110011110000001001111100101001011100101010110001001100110010101000011000000101011001110111100000111111011011110010101000110011111001101100000101011011001011101100000100100111010100110101001101000101011101011011110101010010001001010101010010000100011111001100110010011100010100010001000001001101010100011001110110011010000001100110110110110110010110011111010110
11000101110011001001011010000010101101010010101110110011011100100011011110101000001100100110000110101101010101001100010011000101111010011110011101001001010010101101010101101110011010000100011011110100111001111100100100111100000110111111011011110101011110000000110001110010100110101010111101000000111110010101100001101100101011110100000111100000111000110000101101000011010111011001011011001101000000001101100001110010010111100000101000011010000110000100000010011001110000110010100011000000010110110100001100100000
01011100011010011100001110100101110110101010001101001011010110011001010111001100001100010001110110011011001000000110001110101010000011001100111111000011010010001100110011011011010010101000001111111010001010000010101100001000000010100100010000001001010101011010001010111101100010111011011001011001001000000110010001000100011100110110000010001000000000100101101111110000100111000000000001001001111000110101111100000011100101001100010001001101110100001101111010111011100110010111001010010110001011010000110111000010
10010000100010010100011100111011100110011000110101111100111110101101111111110000111100100000100011101100000000111010101000101101111011000101110111110011101101001110010111101011010100101111010100100000101010000010001000010001010110010010110111000011111000000110100011101100110000000101010000011010010000101100111001101110010000000011010100100100000100001011111100110110010011101011010110100101000000000101011110000011011001101000101111001110011011111010111011000110110010010011010011011111001101011011111010001001
10111001010010101011001000001110111001111101000000001000101101111111000101001011111010111001001101000100110101111010100110100111111100111010100110101011111000111101111100010010001000101111000011001111000101000000111010010111110111110111100101110110110111000010001000110001001001110010111110101011110010010010101100111111111101010110010001011011000111111001101011100000011100001111111111101001111011111101001110101010010011100110010000100000110000010111000110101010111101111110111001011111100101011100010111001101
01111001101111100011100000111011011011001000000110000111101100000100101000100101101111110001000000101100100100110110100100111001111011011010010000111010001001101000010110100011011000101100110100101001110000110000011101011111111101100000101110100010010000000100110011000010010110000011110110100101100100111011000111000000111101010110100001000110111111111110101101010001011010101001011101010001100011010011001100110011101000010000011010101111110101101010101001100001110111111100010011011011111110010101001010010000
10110100000110000100100110001010001111110001110100000111010001001001100011010001101110101111110011001101110100110110110110100110111100111000110010000101010001000100101001001111001110111010101011111001001101110101010101001111000000111100100001101111001001001111001100111101101101010110011110101100111010110000011111000011011011011111010011101100110011010001011101110010101110011011001000111101110110010000000111010000101100110001100110100011001001010110101101011111000001100000100010101010100011000110110101001100
10000100011111000001100010000001111011001101011101000101001111101011010001111101010000001100010011001011001011001101101010111110000010111100101101010100111000010010101000101110000111011101000100110111101100010111101000110111101111011100110011100001001111100101011000111100000011100001000100000111100000001101011001101100000111100010001001100111001100010101010111101001000110011101111101001111001100111011000010001100000111011111010111110101110010011101000100110010011110000000000110111111010110100101000111011011
00110101011101110001001010110100010111101010101110011100110000110011110110111011011010100111101001100001101101010010100010001001011010110010101011001010000011011010001010000100101011110001001001111001111000111100001001110000100010111011101001000100000111111011111000101111000010011001000000001000011111010001111001011111111000011001001110000110101001001000101001111111100100001000110010110101001010011100111010010110110111110110110011011010000001100100011000001001001001101010010110000100000111111011111000111011
10011010001110111000110000010011110101001110110100111001000101001010100111100000011100101111111101110001110111010100011010011111001011100111100110100011000110100101100010101010000101010011111101111010000000110011100110001010001101001100111010101010100010111010111000100000010110111010010110010110011010011010011110110010101111010101010111101001000000010011010011100000101111111110000011001010010101110011101011000011100110011111110101010011110000011100000010110011010101000000011011100001101010000010010101001010
01011001111010011101111001010011011111010000001000101001110001110010111000001011010001000110010010011101001100101100001000010011001100101001010011001000001101001101100001010000111111111000100111001010010100011101111100011110000010010101110001010111001110110110010101111000101000111010010010000100000011010000001001010100010001111001011101010101101001100011000101010000011100000011110101000000100010101001010000111011001101111001101010101111000110011111110100110000011100110101011001000111001001000010111000110001
01111110010000011111111000101101111001001111011110100100100100110011100100000111000100010101111001010011010001001010010110001101100001011001101010000111100100101001000011010110100010001010100001000110111110100111010110101000010100011111011100010001001011110100101110011110011100010000000010001111101100101111010000100001101101000001101001000111000011010100000001110011011101110000111000001000111001101100101110001011000000001011101011100101110101011111111011010100011010111111110011110000010100001101001001001111
11011101100101111101011010100110101100001100010111100101101011101010101010101110101000100111110001000001001101110100010100110111100000001010101010011110100100011001110111101111010001100010111101101100101110000110101111010111100100101011111111010001111110101010100101100101110000000011101101101110100111101001101010100010100101011111100110000010011110111110101101110111010100101110101010111001101110010010001011000001001111001001000001111000111111001110011111010000111100001110010111001011101010011001010110001110
00010001111010010000101100101000000000110110110010000011111000111001111001001101110101110001001010000110010111111100101111110110011001101111100100000011011010001101100010001100011101001100011110101101011111111001110000001000101110100101011000000101101010101110010111001110100011001011010110101111001110011101111010011100111110110000101111100111001101110111000010110101001000101100011000100001000011101100110100110000100010000101111001000101110101001100111110000000101000111001101101001111111011000101100011110010
10010011000110110110000111100011100011111000100111111100001001000000111101001010110110110110101010011010010110101101110110111010100000000010101100010011000111001110110110000110001000101111010000101001000001101110001101000100000100011100101100001111110111110000101101110010110101110100001001110010111100001111010100010000100101110101001110110111010010100111101011011010110110110111111010001000011111100110100110100111001111100100001011100100110001001100101111000101011111101100101001100001001011000000010010101011
01100100111101001110010111011010110100000001100110101111101101101101110110110110010100110111110010100010001101110110111110001010011111110111110000001110110010010000101101001000000111110010101111001100000100111000000000100011011000100001001010101011101001011110101100011010100010001000001000110101101111110101101011000111100100010000001011100100100101010011101101110110000100111001111101001010001100110111110001010001011101111000010011100001111101110001111110000100100101101100011011110010100010000010010010111001
00101101111001000010000110010001111100001110000000111011111110001000011000010101111111110110011001000000010101111100110010110101110111001001011101110101011011010001011011100110110100010000110011100000000111111100101001100100011010111100011000001111000001001111011011101110101000101100101100111110001010111110010010101101010000001000101000101001001001011010001100001011111001011101000110001111110000000000001100011010001010000010011010000111110110110110100101001001111111111001001011011110110000100101000001011000
10011101111110100111000010000010010011110010110011000110011110100001111000000001110010000111010001100101111100000011100110101101111011001000100101001010101000110000101111110101101010111010110100111101101100111111000111111000010001110001011011010110110000101010101011101010001100101011100001100010001011001110101001001101000010101001010111010100001100010100001101101000111100001110111110001111100101010000011001101100010101101101001011000001010100110111100111111001110011100101001100101100100111100101101101000010
00111000100001000010000100100011110111011111011100111100001101110010110110100101010011000100110001011111010110100011110010101010111000010100101110111001101110100111101011000010001001111000101111100001110011001111111000011001011110101010110011110011101011100101110000000100011000100001001000111110100100101110011001111111001001101011010000001001000100100010111110111101010111011011101111010110001100110110010110101101011000010010001011110001000101000001110011101100001000100010010100010000001000011100000000001000
00000110111111111000110000101101110100111010010100010001101100110001100000110001001111010111001101001110110000001110011111000100010100101100110101001001001100011000010011011000110000110011000000010011110000000101100110110110011100000011100011111001100011100100011001010000000100001011000111101100110010110010000011110010101100000010101011111001011010001100111001010100111100001000000000101100111101011111101101001100101010111001100001000111101110100011111111101110000001000111010111000000010110011010011110110001